# Time-averaged data for fix msdout
# TimeStep c_Hmsd[4]
0 7.93667e-29
100 0.433534
200 0.537731
300 0.72552
400 0.734414
500 0.887127
600 0.924149
700 1.22224
800 1.34404
900 1.34458
1000 1.74951
1100 1.76836
1200 1.56806
1300 1.63178
1400 1.95181
1500 1.8833
1600 1.98466
1700 2.12664
1800 2.29191
1900 2.34393
2000 2.4311
2100 2.54032
2200 2.50624
2300 2.64695
2400 2.79551
2500 3.02782
2600 3.1572
2700 3.23226
2800 3.18457
2900 3.40429
3000 3.54616
3100 3.59167
3200 3.48788
3300 3.79637
3400 3.71985
3500 3.74014
3600 3.76246
3700 3.84457
3800 3.64717
3900 3.71995
4000 3.83416
4100 3.98608
4200 4.00099
4300 4.11436
4400 4.27514
4500 4.15566
4600 4.40278
4700 4.56561
4800 4.50296
4900 4.98229
5000 5.19124
5100 4.95408
5200 4.9562
5300 4.97118
5400 4.94923
5500 5.09972
5600 5.23397
5700 5.42386
5800 5.70797
5900 5.68724
6000 5.81607
6100 5.98977
6200 6.04032
6300 6.29684
6400 6.47403
6500 6.31608
6600 6.27727
6700 6.17702
6800 6.16321
6900 6.21709
7000 6.36057
7100 6.3937
7200 6.76527
7300 6.54845
7400 6.67052
7500 6.77349
7600 6.78064
7700 6.72714
7800 6.86282
7900 6.80313
8000 6.70946
8100 6.94397
8200 7.11443
8300 7.37606
8400 7.18565
8500 7.49933
8600 7.34487
8700 7.51381
8800 7.84109
8900 7.9548
9000 7.9355
9100 7.72795
9200 7.63723
9300 7.60047
9400 7.85043
9500 7.80119
9600 7.84559
9700 7.91383
9800 7.98061
9900 8.0451
10000 8.23985
10100 7.92773
10200 8.1552
10300 8.17994
10400 8.45509
10500 8.18343
10600 8.40698
10700 8.55146
10800 8.56453
10900 8.74
11000 8.53393
11100 8.91546
11200 9.33812
11300 9.06575
11400 9.08157
11500 8.81455
11600 8.90321
11700 9.10881
11800 9.29825
11900 9.22617
12000 9.1674
12100 9.34881
12200 9.64219
12300 9.57344
12400 9.22358
12500 9.5854
12600 9.80412
12700 9.64695
12800 9.60968
12900 9.96371
13000 10.513
13100 10.1125
13200 9.95491
13300 10.4129
13400 10.6447
13500 10.4811
13600 10.1326
13700 10.3464
13800 10.5447
13900 10.6772
14000 10.7824
14100 10.4797
14200 10.1291
14300 10.7533
14400 10.6467
14500 11.0572
14600 11.0625
14700 11.305
14800 11.2688
14900 11.3437
15000 11.8518
15100 12.0526
15200 12.0135
15300 12.6915
15400 12.9543
15500 13.0888
15600 13.0611
15700 13.7362
15800 14.2268
15900 14.3515
16000 14.4844
16100 14.2547
16200 14.198
16300 13.997
16400 14.0403
16500 14.3886
16600 14.3177
16700 14.368
16800 14.4739
16900 14.6956
17000 14.7235
17100 14.6704
17200 14.878
17300 14.7116
17400 14.5896
17500 14.5046
17600 14.4904
17700 14.686
17800 14.9967
17900 15.0595
18000 14.9051
18100 14.8786
18200 14.8093
18300 14.9926
18400 14.8111
18500 15.1032
18600 15.2161
18700 15.4482
18800 15.7997
18900 15.7435
19000 16.1806
19100 15.9387
19200 15.9566
19300 16.2122
19400 16.4246
19500 16.6901
19600 16.8821
19700 17.0857
19800 17.3812
19900 17.393
20000 17.3847
20100 17.1612
20200 17.2393
20300 16.9386
20400 16.6986
20500 16.9723
20600 17.2927
20700 17.0967
20800 17.4871
20900 17.3513
21000 17.7766
21100 18.4435
21200 18.587
21300 18.5351
21400 18.8117
21500 18.3215
21600 18.6442
21700 18.8072
21800 18.6193
21900 18.8564
22000 19.2918
22100 18.7032
22200 18.7799
22300 18.9399
22400 19.176
22500 18.6209
22600 19.1021
22700 19.4491
22800 19.2639
22900 19.8489
23000 19.8384
23100 19.6219
23200 19.9312
23300 20.2123
23400 19.6604
23500 19.9318
23600 20.1762
23700 20.1667
23800 20.1782
23900 20.0632
24000 20.2192
24100 20.1628
24200 19.9889
24300 20.1254
24400 20.0636
24500 19.9888
24600 20.0656
24700 20.3498
24800 20.3385
24900 21.2446
25000 21.128
25100 21.5712
25200 21.2342
25300 21.0139
25400 21.3207
25500 21.8926
25600 22.2399
25700 22.2812
25800 21.7601
25900 22.4625
26000 22.3202
26100 22.4861
26200 23.0866
26300 22.5701
26400 22.6268
26500 23.1141
26600 23.1568
26700 23.0265
26800 22.9855
26900 23.0983
27000 22.843
27100 22.6671
27200 22.9408
27300 23.09
27400 23.1433
27500 23.117
27600 23.2941
27700 23.8856
27800 23.9229
27900 23.8349
28000 23.7654
28100 23.571
28200 23.7533
28300 23.9656
28400 23.6249
28500 23.8096
28600 23.7848
28700 24.111
28800 23.7203
28900 24.0873
29000 23.952
29100 23.7721
29200 23.6507
29300 23.8336
29400 23.8535
29500 24.4063
29600 24.5401
29700 24.9542
29800 24.1191
29900 24.0381
30000 24.5414
30100 24.6604
30200 24.512
30300 24.6658
30400 24.6543
30500 24.8143
30600 25.071
30700 25.456
30800 25.4709
30900 25.4112
31000 25.9951
31100 25.7045
31200 25.5105
31300 26.0401
31400 25.8457
31500 26.5301
31600 26.6789
31700 27.397
31800 28.1032
31900 28.6335
32000 28.6215
32100 28.8718
32200 29.4324
32300 29.4411
32400 29.8565
32500 30.272
32600 30.7263
32700 30.7996
32800 30.4576
32900 30.2907
33000 30.8603
33100 30.3902
33200 30.3612
33300 30.5313
33400 31.1269
33500 30.4422
33600 30.9609
33700 31.6177
33800 32.8377
33900 32.6514
34000 32.5729
34100 32.8715
34200 32.9299
34300 33.4359
34400 33.38
34500 33.6841
34600 33.2319
34700 33.2103
34800 33.3841
34900 33.5508
35000 33.7991
35100 33.8769
35200 33.7657
35300 34.3324
35400 34.4737
35500 34.3724
35600 34.3026
35700 34.2303
35800 34.5358
35900 34.7239
36000 34.2436
36100 34.7489
36200 33.6754
36300 33.7875
36400 33.6664
36500 34.0698
36600 33.8401
36700 33.92
36800 34.772
36900 34.8474
37000 34.6693
37100 34.5531
37200 34.606
37300 34.3939
37400 34.9776
37500 35.0994
37600 34.7666
37700 34.388
37800 35.1666
37900 34.8878
38000 35.486
38100 35.3331
38200 35.9584
38300 35.8312
38400 36.4137
38500 36.6762
38600 37.2769
38700 37.6454
38800 37.7021
38900 37.844
39000 37.9881
39100 38.2933
39200 38.0354
39300 37.6549
39400 37.6349
39500 37.866
39600 37.933
39700 37.7019
39800 38.3129
39900 37.8587
40000 38.1837
40100 38.0323
40200 38.2946
40300 38.0198
40400 37.9624
40500 37.5197
40600 37.6758
40700 38.0558
40800 38.1578
40900 37.8398
41000 37.5088
41100 37.8573
41200 38.2
41300 37.9193
41400 38.1614
41500 38.2916
41600 38.0143
41700 37.8102
41800 38.0523
41900 38.2326
42000 37.7685
42100 37.9694
42200 37.8773
42300 38.0485
42400 38.2655
42500 38.3438
42600 37.7374
42700 37.7908
42800 37.9206
42900 38.3771
43000 38.2288
43100 38.348
43200 38.6292
43300 38.2941
43400 38.2396
43500 38.5911
43600 37.957
43700 38.3991
43800 38.6557
43900 38.8824
44000 39.1178
44100 38.7315
44200 38.8484
44300 38.9851
44400 38.8198
44500 38.9275
44600 39.3566
44700 39.2752
44800 39.4314
44900 39.2702
45000 39.3397
45100 39.1608
45200 39.3668
45300 39.2316
45400 39.2622
45500 39.7942
45600 39.3433
45700 39.3773
45800 39.3696
45900 39.7735
46000 39.7308
46100 39.3389
46200 39.5399
46300 39.7197
46400 39.951
46500 39.5529
46600 39.4808
46700 39.2473
46800 39.3362
46900 39.5621
47000 39.3232
47100 39.3526
47200 39.6969
47300 39.9049
47400 39.8293
47500 40.2758
47600 39.9558
47700 40.2741
47800 40.6835
47900 40.5653
48000 40.5911
48100 39.9669
48200 40.3898
48300 40.2989
48400 40.837
48500 40.7675
48600 41.1572
48700 40.6227
48800 40.977
48900 40.9981
49000 40.973
49100 41.303
49200 41.117
49300 40.7777
49400 40.7629
49500 41.2634
49600 41.5694
49700 40.9966
49800 41.2606
49900 41.5468
50000 41.4195
