# Time-averaged data for fix msdout
# TimeStep c_Hmsd[4]
0 2.61735e-30
100 0.421628
200 0.621357
300 0.877006
400 1.50647
500 1.78054
600 1.84376
700 2.04345
800 2.24835
900 2.77152
1000 3.09607
1100 3.37739
1200 3.04686
1300 3.55511
1400 3.66607
1500 3.95687
1600 4.37042
1700 4.24345
1800 4.68025
1900 4.5547
2000 5.22746
2100 6.02655
2200 6.30323
2300 6.57052
2400 6.84599
2500 6.97825
2600 6.98232
2700 7.45596
2800 7.37841
2900 7.30383
3000 7.67384
3100 7.3923
3200 8.02697
3300 8.0642
3400 8.62665
3500 8.81236
3600 8.67888
3700 9.31872
3800 9.58037
3900 10.4287
4000 10.3757
4100 10.4519
4200 10.9924
4300 10.9829
4400 11.3525
4500 11.8314
4600 12.0533
4700 12.1024
4800 11.9769
4900 12.3601
5000 12.1244
5100 12.0295
5200 12.2596
5300 12.3882
5400 12.479
5500 12.6145
5600 13.0728
5700 13.4061
5800 13.279
5900 13.2075
6000 13.2518
6100 12.7931
6200 12.7449
6300 13.1831
6400 13.465
6500 13.4027
6600 14.2182
6700 14.2913
6800 14.6432
6900 15.2102
7000 15.9131
7100 16.224
7200 16.6929
7300 16.9895
7400 17.452
7500 17.0681
7600 17.7115
7700 17.4389
7800 17.6229
7900 17.6753
8000 17.8906
8100 17.1247
8200 17.3326
8300 16.9255
8400 17.6177
8500 17.8171
8600 18.3493
8700 18.3242
8800 18.7834
8900 19.0192
9000 18.9547
9100 18.8729
9200 18.7699
9300 18.6944
9400 19.8606
9500 20.3242
9600 20.0823
9700 20.4019
9800 20.586
9900 21.4026
10000 21.6668
10100 22.2059
10200 21.9143
10300 21.9058
10400 22.1204
10500 21.4519
10600 21.9995
10700 21.6982
10800 21.8365
10900 22.1236
11000 22.3962
11100 22.4569
11200 22.2054
11300 22.3027
11400 22.4989
11500 23.3643
11600 23.2588
11700 23.3274
11800 23.7564
11900 23.6592
12000 23.7273
12100 23.0608
12200 23.2034
12300 23.871
12400 23.4393
12500 23.9916
12600 24.0967
12700 23.6984
12800 24.6891
12900 24.4609
13000 24.5078
13100 24.4573
13200 24.6354
13300 24.9102
13400 25.1844
13500 25.3571
13600 26.4223
13700 27.803
13800 27.847
13900 27.3649
14000 27.9001
14100 27.6418
14200 28.0815
14300 28.2706
14400 28.6088
14500 28.1429
14600 28.869
14700 29.992
14800 29.4869
14900 29.6376
15000 29.9607
15100 29.8445
15200 29.7665
15300 30.5995
15400 30.1975
15500 30.5506
15600 32.0717
15700 32.7819
15800 33.0949
15900 33.4156
16000 33.9387
16100 34.1706
16200 34.5422
16300 34.3236
16400 34.0942
16500 34.6666
16600 34.7666
16700 34.3904
16800 34.4522
16900 33.753
17000 34.9828
17100 34.8685
17200 35.4361
17300 34.5414
17400 34.6838
17500 35.1414
17600 35.0279
17700 35.3226
17800 35.9142
17900 36.4249
18000 37.2884
18100 36.9952
18200 37.4204
18300 37.2682
18400 37.1117
18500 37.1828
18600 37.3473
18700 37.4089
18800 38.1372
18900 38.5877
19000 38.5738
19100 38.2881
19200 38.2015
19300 38.665
19400 39.1518
19500 39.5207
19600 40.1563
19700 40.5635
19800 40.3643
19900 40.5953
20000 40.4913
20100 41.3885
20200 41.4921
20300 42.0606
20400 42.3968
20500 42.8686
20600 43.6452
20700 43.3207
20800 43.9544
20900 44.9121
21000 44.6788
21100 44.4782
21200 45.141
21300 45.2649
21400 45.375
21500 45.1698
21600 45.2885
21700 45.3649
21800 46.4107
21900 46.7786
22000 46.2334
22100 46.2969
22200 45.421
22300 46.2659
22400 46.8094
22500 47.9
22600 47.7299
22700 49.4863
22800 50.3899
22900 50.5434
23000 50.1277
23100 50.5532
23200 51.3183
23300 52.2617
23400 51.2615
23500 51.5759
23600 51.8281
23700 51.1459
23800 51.5186
23900 51.4375
24000 51.9679
24100 52.3936
24200 52.23
24300 52.7288
24400 52.3957
24500 51.8176
24600 54.3276
24700 53.5661
24800 53.5379
24900 55.3553
25000 55.7457
25100 56.0247
25200 57.1066
25300 57.4953
25400 57.5157
25500 58.2992
25600 59.2164
25700 60.4346
25800 60.0394
25900 60.2039
26000 60.4336
26100 59.5335
26200 59.4571
26300 59.7
26400 59.4689
26500 60.6014
26600 61.478
26700 61.9988
26800 61.6616
26900 62.8839
27000 62.3935
27100 63.2415
27200 62.5667
27300 61.7281
27400 62.8628
27500 63.2863
27600 63.4463
27700 63.9625
27800 63.5486
27900 64.8233
28000 64.4957
28100 64.59
28200 65.0954
28300 65.4945
28400 65.7918
28500 66.3368
28600 66.0798
28700 67.1265
28800 67.6506
28900 66.0919
29000 65.8528
29100 65.6009
29200 64.6806
29300 65.3855
29400 65.2771
29500 65.7299
29600 65.2584
29700 64.5534
29800 64.0059
29900 64.4133
30000 63.9491
30100 64.2316
30200 65.5296
30300 65.2909
30400 65.7675
30500 65.3437
30600 65.4044
30700 65.3589
30800 65.78
30900 65.1812
31000 65.2705
31100 65.857
31200 66.0008
31300 65.8608
31400 66.6441
31500 66.5197
31600 66.7152
31700 66.9051
31800 66.4965
31900 66.6778
32000 67.7996
32100 69.1703
32200 68.8126
32300 68.5225
32400 68.6341
32500 68.7358
32600 69.1155
32700 69.1976
32800 68.9721
32900 68.9891
33000 69.3677
33100 69.6423
33200 69.4938
33300 68.2862
33400 68.5464
33500 69.1992
33600 68.7567
33700 68.4786
33800 68.7316
33900 68.9663
34000 69.5825
34100 69.7436
34200 70.8679
34300 70.3174
34400 70.4661
34500 71.0544
34600 71.2518
34700 71.0462
34800 70.4404
34900 69.7561
35000 70.0743
35100 70.3385
35200 71.1996
35300 72.4291
35400 72.5433
35500 72.6659
35600 73.5905
35700 74.3354
35800 74.5324
35900 74.8366
36000 76.9294
36100 77.6198
36200 77.9363
36300 77.8248
36400 78.7969
36500 79.6019
36600 79.4412
36700 79.8593
36800 80.3077
36900 81.1869
37000 80.9008
37100 82.469
37200 82.4205
37300 82.7631
37400 83.3587
37500 82.3051
37600 82.8655
37700 83.2448
37800 84.1534
37900 84.6004
38000 82.6008
38100 84.3224
38200 83.2547
38300 83.7509
38400 84.2789
38500 85.6592
38600 84.6586
38700 83.7546
38800 83.9329
38900 84.2615
39000 84.4739
39100 83.2197
39200 82.9676
39300 83.4336
39400 84.1818
39500 84.4543
39600 84.5078
39700 85.4402
39800 84.5964
39900 84.2735
40000 83.7767
40100 83.7281
40200 83.6042
40300 83.6329
40400 83.7593
40500 83.2657
40600 83.1931
40700 84.6141
40800 84.2275
40900 83.5979
41000 83.9035
41100 85.1032
41200 84.6328
41300 85.9761
41400 85.6815
41500 86.9578
41600 87.1894
41700 87.3093
41800 87.9716
41900 89.5279
42000 87.6085
42100 88.1872
42200 88.4773
42300 87.9803
42400 89.2014
42500 88.4198
42600 89.363
42700 88.9869
42800 88.7713
42900 90.2251
43000 89.7424
43100 90.5805
43200 89.4979
43300 89.5816
43400 88.2122
43500 88.6555
43600 88.2046
43700 89.1943
43800 88.6341
43900 89.0975
44000 89.629
44100 89.9277
44200 90.6324
44300 90.2737
44400 90.6884
44500 88.7942
44600 90.7952
44700 90.9097
44800 91.8258
44900 92.6118
45000 91.3593
45100 91.6126
45200 91.8808
45300 92.2118
45400 92.4795
45500 91.7991
45600 92.6805
45700 91.9931
45800 91.3305
45900 91.859
46000 92.3813
46100 92.8096
46200 93.1594
46300 93.541
46400 93.965
46500 94.0972
46600 93.6045
46700 93.2308
46800 94.2494
46900 93.6391
47000 94.1797
47100 95.1373
47200 95.0384
47300 95.5559
47400 96.5001
47500 96.1074
47600 96.2833
47700 96.606
47800 97.2453
47900 97.1381
48000 97.6232
48100 98.4468
48200 99.2477
48300 99.1235
48400 99.4146
48500 100.286
48600 101.319
48700 100.96
48800 101.86
48900 103.415
49000 102.569
49100 103.248
49200 101.026
49300 101.265
49400 102.204
49500 103.014
49600 101.962
49700 102.101
49800 101.757
49900 101.233
50000 101.88
