# Fix print output for fix def1
-5.2470243140112e-16 0.0171386419882337 0.0179636598349234 -0.0162292825213627
0.000999999999999419 0.0788103440837696 0.00713666805107193 0.0148401862023812
0.00199999999999936 0.120343881759123 -0.010988840428693 -0.0111564394492886
0.00299999999999931 0.229302629690457 0.0133044360812037 0.0545042362711975
0.00399999999999942 0.245847769034135 -0.0478772418185603 -0.0345164540087983
0.00499999999999954 0.342860514096023 0.0144218213962706 0.0148534568490912
0.00599999999999948 0.371968475534071 -0.0274282495609004 -0.0278264839029844
0.00699999999999943 0.444813691372845 0.0100642074972067 -0.00108886904059068
0.00799999999999937 0.516097304051662 0.00812712856060881 0.0123926371619263
0.00899999999999932 0.585971295343518 -0.00237985386334418 -0.00824507323299137
0.00999999999999943 0.668477736210328 0.0188664229980636 0.000195063123112232
0.0109999999999996 0.673339230180533 -0.0203382715106782 0.00727456773466853
0.0119999999999995 0.790421617110261 -0.00818768126510078 0.0366402016094515
0.0129999999999994 0.838937423552522 -0.012046651994412 -0.0133495674729593
0.0139999999999994 0.886861157637487 0.0108048637147216 -0.000606918676076351
0.0149999999999993 0.983005435214571 0.017563094146586 0.00670894627120945
0.0159999999999994 1.0352210328717 0.00255749757992564 0.00867948424238513
0.0169999999999996 1.08758363087511 0.0288257543167168 0.00785335755179375
0.0179999999999995 1.13269864541059 0.0101153012096879 0.0158212907601561
0.0189999999999994 1.1836690647686 0.00702916291881484 -0.0353158198612623
0.0199999999999994 1.26952639660261 0.00584282667723401 0.0320406477961824
0.0209999999999993 1.33550191949495 -0.0079394026584723 -0.00461697257003162
0.0219999999999995 1.42782694871952 0.0370390537625036 0.00528599854067976
0.0229999999999996 1.46703223012633 -0.00295531739843371 -0.0163343106924396
0.0239999999999995 1.54170227705275 0.0329265985518517 0.0100135067594635
0.0249999999999995 1.58642093650899 0.00623331510806448 -0.0126614644209127
0.0259999999999994 1.64758683935342 -0.00920261517033093 -0.00213610050210442
0.0269999999999993 1.70982917924072 0.0240315086327387 0.0190943728049137
0.0279999999999993 1.79651040813947 0.00669108836388619 -0.034605096140028
0.0289999999999994 1.85384156204447 0.0263041351874074 0.0129001202472568
0.0299999999999995 1.91387220035032 0.0169948531318552 0.00509997467878609
0.0309999999999995 1.98103740909101 0.0239877424237242 0.00877115586513971
0.0319999999999994 2.01612738940157 0.000914131308877482 -0.020396212949169
0.0329999999999994 2.08633917655991 0.0153486854080187 0.00200560074544881
0.0339999999999993 2.15088292190939 -0.0331916304078121 0.0059557205564684
0.0349999999999994 2.22627337814099 -0.0146797585059923 0.0335653749210069
0.0359999999999995 2.29705234404324 -0.00539206468285869 -0.00580197931189161
0.0369999999999995 2.32873053225804 0.0143772794902687 -0.00753898941760353
0.0379999999999994 2.39024085429994 -0.00838067916805579 -0.0122832281974755
0.0389999999999994 2.4599300712554 -0.0290794780532102 -0.00372177544323234
0.0399999999999993 2.50411182635088 0.0167836770948574 -0.00917097619269162
0.0409999999999994 2.56990807836262 -0.003563199363882 -0.00112917905117497
0.0419999999999995 2.65011226517368 0.0188785101740231 0.0224221612275874
0.0429999999999995 2.67720373318698 -0.00404737853202016 -0.0177820341479136
0.0439999999999994 2.74038268538193 -0.0155165682263592 0.0243417257663234
0.0449999999999994 2.81605158804078 0.01441096743862 0.0322850628879863
0.0459999999999993 2.86476645403458 0.00652399585839076 -0.012306437867452
0.0469999999999994 2.95257069244968 0.067541295963642 0.0204380157308072
0.0479999999999996 2.9558840402718 -0.0553894801780169 -0.0060441809306153
0.0489999999999995 3.06435263464976 0.00907519278026372 0.0612077731881202
0.0499999999999994 3.09491136719111 -0.00647532726222174 -0.0115589981271462
0.0509999999999994 3.16502222908554 0.0340344903488351 -0.0344367707961183
0.0519999999999993 3.2066330527177 0.00708615389829726 -0.0319609568760019
0.0529999999999993 3.29756954435371 -0.0281640468765733 0.0218949622153278
0.0539999999999996 3.36670856038909 -0.0248881600997817 0.0368470649141045
0.0549999999999995 3.37904229011986 -0.00711944571836004 -0.0119053678679842
0.0559999999999995 3.47914399777831 0.0415755725326592 -0.00854223235753902
0.0569999999999994 3.49161930775084 0.0017800207319454 -0.0119269791738108
0.0579999999999993 3.55500850884978 -0.0253473122803121 0.0102110987130356
0.0589999999999993 3.62767321383266 -0.0524905085466505 -0.000846370420792971
0.0599999999999994 3.67027994028127 0.00118676741529581 -0.0171755128839735
0.0609999999999995 3.71689323472926 0.0145310838722136 -0.0283894859349511
0.0619999999999995 3.79844217036057 0.0537653609471968 0.0351169764305083
0.0629999999999994 3.83157308675086 -0.0513782109389641 -0.0180400975795242
0.0639999999999993 3.93855307201692 -0.00622478578996894 0.0398261143810965
0.0649999999999993 3.98723344209176 0.00226446824555626 -0.012877726338127
0.0659999999999994 3.99076721078509 0.00596603613489136 -0.00769293666253136
0.0669999999999995 4.09690447292971 0.0193948542286369 0.0107856307802684
0.0679999999999995 4.15466368272471 -0.00267468892300588 0.0218932883530512
0.0689999999999994 4.2022158828011 0.0061986476347652 0.0322494584966779
0.0699999999999994 4.25586877681693 -0.044698659293903 -0.00943102686438141
0.0709999999999993 4.34203003434686 0.0479268512791 0.0231239880011315
0.0719999999999994 4.38021151402152 0.0117109267893811 -0.0392810908420719
0.0729999999999995 4.4312940651138 0.00186254583573544 -0.0093258904726311
0.0739999999999995 4.46619497035332 -0.021452028926409 -0.00561329835795654
0.0749999999999994 4.52705391323615 -0.0327805315468779 -0.021855215781356
0.0759999999999994 4.58262160895749 0.00601927016696788 0.0330543686821021
0.0769999999999993 4.62506752892631 -0.0148191218023128 -0.00316829921752261
0.0779999999999993 4.72899776590731 0.0246223862555754 0.0300023624907422
0.0789999999999995 4.7683901151159 0.0232307830159169 -0.00454918060654399
0.0799999999999995 4.80773639319351 -0.000954974004629554 -0.00598259234939465
0.0809999999999994 4.89090326027424 0.04302315979255 -0.0037140270322786
0.0819999999999994 4.91885781367695 -0.021913814171209 -0.014865914756084
0.0829999999999993 5.00311636698555 0.0238576732945992 0.0566646975719162
0.0839999999999993 5.01760514032554 -0.0165072799936297 -0.0199752824834096
0.0849999999999994 5.09531640723212 0.0517427023223887 0.0209222598945278
0.0859999999999995 5.09953303846354 0.0106289277553844 -0.0508114208547183
0.0869999999999994 5.20811829628477 0.0201285484674691 0.00906759745353448
0.0879999999999994 5.24417915377674 -0.0286218663323738 0.0297214807849348
0.0889999999999993 5.30490527293961 -0.0489581739233702 0.0347273801927655
0.0899999999999993 5.38552057564839 0.0128344548698391 0.00942530814960938
0.0909999999999994 5.42132193036032 0.0108614333584826 -0.0502045235820998
0.0919999999999995 5.48488743405636 0.0219988009021133 -0.0138643961007029
0.0929999999999995 5.50481160351448 -0.014989388546315 -0.00346576026814771
0.0939999999999994 5.63362269502892 0.00465963525450217 0.0311360997647295
0.0949999999999993 5.63824897483747 -0.0461381869895474 0.0020757663819299
0.0959999999999993 5.70860378966597 0.02704177528803 0.0275830658447568
0.0969999999999994 5.72068323210649 -0.0293946246207387 -0.00328814418467884
0.0979999999999995 5.81875063133799 0.0534085067817576 -0.00306511626176745
0.0989999999999995 5.83061834970928 0.00382471385857987 -0.00859948832112488
0.0999999999999994 5.93289808995612 0.0127175322977905 0.0457903119311624
0.100999999999999 5.90529513833021 -0.0708588076700432 0.0110423546914612
0.101999999999999 6.02396862705891 0.0422185192833912 0.0334185473200023
0.102999999999999 6.02069848660783 -0.0230830581711194 -0.0698817029296834
0.104 6.12208779023472 0.0725764548563001 0.0274679061265846
0.104999999999999 6.16601868555693 -0.0221059236189057 -0.0401708553601661
0.105999999999999 6.24162277542939 0.00746049945454709 0.0453396411927313
0.106999999999999 6.26904000349478 -0.0159650530146572 0.0391466840248952
0.107999999999999 6.32704887878579 -0.0553051191521255 -0.0129635560341985
0.108999999999999 6.3864952217723 0.054682489326383 0.00308361339804455
0.109999999999999 6.3915224830388 -0.017955325626234 -0.0855009777862735
0.110999999999999 6.51105268818261 0.00917425654985178 0.00195501465127761
0.111999999999999 6.53713497729777 -0.030946750484342 0.0168647269681857
0.112999999999999 6.56889333288069 -0.0133181286291099 0.0522870793806407
0.113999999999999 6.58191560109135 -0.00371880087087216 0.0132634978745009
0.114999999999999 6.66849619062129 0.0334810899546783 0.000688575022331584
0.115999999999999 6.67370252271255 0.00651354660115554 -0.022183687928396
0.116999999999999 6.77431011146521 0.000343140546581769 0.0087938635356791
0.117999999999999 6.80890031370688 -0.0319344967311605 0.00541416425939655
0.118999999999999 6.85167703030811 0.00741065476661182 0.0340920540605061
0.119999999999999 6.87746966410034 -0.0117587490769202 -0.0288363206121725
0.120999999999999 6.95605457696476 0.0313062927023167 0.046161508287486
0.121999999999999 6.95996539258 -0.0206627242228813 -0.0469066238980042
0.122999999999999 7.03422260036375 0.0168803056936808 0.0276298807632616
0.123999999999999 7.12095528983828 -0.0237577890271076 -0.0468830733828052
0.124999999999999 7.19942341747388 0.0257535199198261 0.0596037916180814
0.125999999999999 7.14323262337923 -0.0363479608733505 -0.0228837064478322
0.126999999999999 7.28347878269323 0.0491814095218453 0.030643677485758
0.127999999999999 7.33299187594395 -0.0336422355255331 0.0152193590271405
0.129 7.30153637160199 -0.00521508743482807 -0.00798244000724385
0.129999999999999 7.36484504483503 0.0645861674341511 -0.0391953569801741
0.130999999999999 7.46041538703747 -0.0467899377882852 -0.0393632648988779
0.131999999999999 7.48760370771383 0.0300330479360816 0.119093438857095
0.132999999999999 7.47211120354977 -0.105149682587001 -0.111334610933669
0.133999999999999 7.62753551675261 0.104762318182655 0.0927296892399843
0.135 7.55074705016095 -0.0115881377954515 -0.0702601837200705
0.135999999999999 7.59907369863182 0.0327460464419256 0.0211570010700094
0.136999999999999 7.71883540131879 -0.00850002053675043 0.00615217951507842
0.137999999999999 7.67385698072169 -0.0132689134099784 -0.0557464058510992
0.138999999999999 7.68254320500423 0.09117147618671 0.0202209750856288
0.139999999999999 7.75939858412467 -0.0659391335762026 -0.0151517505845885
0.140999999999999 7.81485291705942 0.0391244497124653 0.0165342263422842
0.141999999999999 7.81111758816466 -0.0288381969586559 0.0386919440928592
0.142999999999999 7.84700578545946 -0.0429555735176069 0.0104962554383737
0.143999999999999 7.92253636329434 0.0473829199757233 0.0245281306415057
0.144999999999999 7.92912325486521 -0.0242792523822635 -0.0491268229254003
0.145999999999999 7.92303209850005 0.0131342735642681 0.0166318570644596
0.146999999999999 7.91762835829762 0.0127301426862559 -0.0704131651087076
0.147999999999999 8.0088190079801 -0.0158990057684534 0.0485719655039257
0.148999999999999 7.98366056830671 -0.0940992152005691 -0.0305427254381171
0.149999999999999 7.97979612108565 0.0187698075466382 0.0797363910584828
0.150999999999999 7.9483706201316 0.021801923164994 -0.110345270704436
0.151999999999999 7.9001219318162 0.074638974738611 0.0345382734163681
0.152999999999999 7.57212327087713 -0.0473319412774025 -0.0646579716876877
0.153999999999999 7.29352352598788 0.0110052738118373 0.113225420950319
0.154999999999999 6.68794364400215 -0.0805537803722988 0.0259750237039805
0.155999999999999 6.13857210083618 -0.0153403639694625 0.0356797663778884
0.156999999999999 5.41898641414867 0.0989820234566436 0.00370542694232452
0.157999999999999 4.530342520826 -0.00196333962141803 -0.0260441168988838
0.158999999999999 3.83025444588614 -0.142869823053379 0.0344789830115524
0.16 3.40989673705169 0.0078827611314278 0.222515207707253
0.160999999999999 2.98555223601386 -0.128117947087099 -0.101893345262095
0.161999999999999 2.97584606442358 0.116794192676333 0.127684321442486
0.162999999999999 2.7649129346467 -0.136432034740108 -0.0913999844912563
0.163999999999999 2.61608213828483 0.0473316839750858 0.142787084279417
0.164999999999999 2.41851327595303 -0.11046754407936 0.0313612049582534
0.165999999999999 2.47338009785452 0.14508239496133 -0.00467534078598526
0.166999999999999 2.52891103198297 -0.0201156624200325 -0.043103904914844
0.167999999999999 2.591124310632 -0.00504710751107726 0.00723856622815919
0.168999999999999 2.64556727866591 0.00639574058154085 0.0323611548145721
0.169999999999999 2.65721178381108 -0.0444464330972384 -0.0687910312303855
0.170999999999999 2.86363445952318 0.0703065809011413 0.054638162422549
0.171999999999999 2.69906976193053 0.00743992877938568 -0.11698266934855
0.172999999999999 2.71954929733697 -0.020113983388107 0.117618214563757
0.173999999999999 2.57880880251352 -0.103303840893108 0.0368672316950745
0.174999999999999 2.50039513156166 0.0188252806285408 0.0278763368648726
0.175999999999999 2.5287145354847 0.0284645239713714 -0.0515662489086403
0.176999999999999 2.62819899257319 0.0927895412254559 0.0385376518920343
0.177999999999999 2.45088283243722 -0.0698451986548824 -0.0471172785778345
0.178999999999999 2.58100360559641 0.0672860431446368 -0.00912111058344435
0.179999999999999 2.38757211402329 0.0417032812457594 0.00388751358663945
0.180999999999999 2.23735297087788 -0.126405744642852 -0.0547457967963317
0.181999999999999 2.13595570711805 0.109774460656825 0.0793753847710482
0.182999999999999 1.99227519722718 -0.0786743182010656 -0.037690964019373
0.183999999999999 1.90608654596602 0.10476334368756 0.0875531083897085
0.184999999999999 1.72326844626581 -0.0754219656223905 -0.218057706335396
0.185999999999999 1.80872964279729 0.0483990894947033 0.130324002030277
0.186999999999999 1.65555525397983 -0.055813480821017 -0.0377693490739826
0.187999999999999 1.65734661405786 0.063557554654552 -0.00716614536287836
0.188999999999999 1.62969721803124 0.0454076085813161 0.0736855489656035
0.189999999999999 1.5025958577909 -0.0990523987859653 -0.103668925823493
0.190999999999999 1.56820892193371 0.144079994174657 0.126385977490839
0.191999999999999 1.4293264661735 -0.089141221594363 -0.150970182905657
0.192999999999999 1.54383532603719 0.106540874054352 0.080324827463993
0.193999999999999 1.56883409570946 -0.0823355057183558 -0.00214060532048325
0.194999999999999 1.62038768799055 0.0366840217718957 0.0544869061535377
0.195999999999999 1.5505885867215 -0.0103151083676301 -0.1040707739948
0.196999999999999 1.57415352891691 0.0172232634674355 -0.0131618044888023
0.197999999999999 1.64644171880169 -0.0306193157634048 0.124664957992156
0.198999999999999 1.46417726077749 -0.0668820137652246 -0.0468160367855795
0.199999999999999 1.47181186332472 0.0309708035025695 0.0404608015099678
