# Time-averaged data for fix energy
# TimeStep v_k v_e v_t v_T
100 52.2844 -6353.52 -6301.24 243.083
150 58.6811 -6360.63 -6301.94 272.823
200 62.8057 -6352.35 -6289.54 291.999
250 63.9387 -6348.22 -6284.28 297.267
300 68.2525 -6340.29 -6272.03 317.322
350 69.6283 -6330.06 -6260.43 323.719
400 74.4137 -6333.58 -6259.16 345.967
450 75.1126 -6329.88 -6254.77 349.216
500 81.7866 -6332.28 -6250.5 380.246
550 85.8152 -6326.52 -6240.71 398.976
600 89.3887 -6326.1 -6236.71 415.59
650 91.0144 -6325.1 -6234.08 423.148
700 92.5989 -6322.93 -6230.33 430.515
750 96.4957 -6319 -6222.51 448.632
800 100.046 -6313.43 -6213.39 465.136
850 102.372 -6314.48 -6212.11 475.954
900 100.596 -6306.48 -6205.89 467.697
950 103.565 -6303.78 -6200.22 481.499
1000 106.58 -6294.71 -6188.13 495.516
1050 107.059 -6292.59 -6185.53 497.743
1100 106.57 -6294.97 -6188.4 495.47
1150 108.896 -6292.54 -6183.65 506.285
1200 114.898 -6296.55 -6181.65 534.187
1250 116.157 -6293.02 -6176.86 540.04
1300 117.216 -6300.21 -6182.99 544.965
1350 114.427 -6294.14 -6179.71 531.999
1400 118.612 -6296.78 -6178.17 551.454
1450 122.505 -6291.66 -6169.16 569.554
1500 124.785 -6288.44 -6163.66 580.153
1550 123.945 -6286.58 -6162.63 576.249
1600 121.352 -6280.98 -6159.62 564.197
1650 124.914 -6278 -6153.08 580.755
1700 125.689 -6269.96 -6144.27 584.358
1750 125.06 -6270.91 -6145.85 581.432
1800 123.794 -6272.33 -6148.54 575.548
1850 127.814 -6272.74 -6144.92 594.236
1900 132.847 -6274.22 -6141.37 617.638
1950 133.194 -6276.56 -6143.36 619.251
2000 132.951 -6280.05 -6147.1 618.121
2050 130.644 -6277.04 -6146.4 607.395
2100 134.067 -6279.37 -6145.31 623.312
2150 136.072 -6275.32 -6139.25 632.63
2200 137.396 -6274.88 -6137.49 638.787
2250 132.882 -6270.15 -6137.27 617.801
2300 133.356 -6268.15 -6134.79 620.005
2350 136.069 -6261.61 -6125.54 632.616
2400 136.948 -6258.22 -6121.27 636.703
2450 134.164 -6259.64 -6125.48 623.759
2500 132.917 -6260.23 -6127.31 617.965
2550 135.832 -6263.3 -6127.47 631.515
2600 141.198 -6263.43 -6122.24 656.462
2650 142.818 -6269.28 -6126.46 663.993
2700 140.288 -6268.78 -6128.49 652.233
2750 138.937 -6266.45 -6127.52 645.953
2800 143.64 -6269.1 -6125.46 667.815
2850 144.545 -6266.45 -6121.9 672.025
2900 144.071 -6264.85 -6120.78 669.82
2950 138.45 -6259.38 -6120.93 643.687
3000 141.792 -6259.15 -6117.36 659.223
3050 142.453 -6252.73 -6110.28 662.298
3100 142.187 -6248.73 -6106.54 661.061
3150 139.427 -6249.41 -6109.98 648.23
3200 139.835 -6251.82 -6111.99 650.128
3250 144.157 -6253.42 -6109.26 670.22
3300 148.994 -6256.68 -6107.69 692.711
3350 149.137 -6259.47 -6110.33 693.372
3400 144.684 -6259.3 -6114.62 672.672
3450 146.192 -6262.01 -6115.81 679.683
3500 147.347 -6259.79 -6112.44 685.054
3550 150.514 -6259.32 -6108.81 699.776
3600 148.258 -6260.51 -6112.25 689.289
3650 142.362 -6253.8 -6111.44 661.876
3700 143.895 -6253.39 -6109.49 669.001
3750 144.947 -6249.58 -6104.64 673.894
3800 145.7 -6247.61 -6101.91 677.392
3850 141.999 -6249.16 -6107.16 660.187
3900 142.607 -6248.17 -6105.56 663.015
3950 146.542 -6251.62 -6105.08 681.31
4000 151.039 -6255.75 -6104.71 702.217
4050 151.265 -6257.78 -6106.52 703.269
4100 147.729 -6257.93 -6110.2 686.828
4150 148.289 -6257.11 -6108.82 689.433
4200 149.975 -6256.88 -6106.9 697.27
4250 153.14 -6257.14 -6104 711.984
4300 149.968 -6252.24 -6102.27 697.237
4350 145.816 -6250.16 -6104.34 677.936
4400 146.246 -6246.9 -6100.66 679.934
4450 147.486 -6245.98 -6098.5 685.7
4500 147.395 -6244.08 -6096.69 685.274
4550 144.499 -6243.32 -6098.83 671.809
4600 143.92 -6246.56 -6102.64 669.116
4650 149.208 -6251.4 -6102.19 693.706
4700 150.761 -6254.78 -6104.02 700.926
4750 149.491 -6258.16 -6108.67 695.02
4800 145.92 -6257.59 -6111.67 678.419
4850 147.188 -6256.51 -6109.32 684.314
4900 151.484 -6261.05 -6109.57 704.284
4950 150.669 -6254.77 -6104.1 700.496
5000 149.563 -6254.4 -6104.84 695.357
5050 144.783 -6251.47 -6106.68 673.133
5100 145.715 -6248.09 -6102.38 677.465
5150 149.368 -6245.28 -6095.91 694.447
5200 147.001 -6243.23 -6096.23 683.443
5250 147.795 -6245.49 -6097.7 687.135
5300 145.896 -6245.55 -6099.65 678.304
5350 149.9 -6251.36 -6101.46 696.919
5400 152.844 -6254.78 -6101.93 710.608
5450 151.41 -6254.01 -6102.6 703.943
5500 148.271 -6255.16 -6106.89 689.349
5550 149.507 -6255.77 -6106.27 695.092
5600 151.38 -6255.01 -6103.63 703.801
5650 152.482 -6255.33 -6102.85 708.923
5700 150.49 -6252.59 -6102.1 699.662
5750 148.493 -6248.51 -6100.01 690.381
5800 148.749 -6247.34 -6098.59 691.572
5850 150.01 -6242.04 -6092.03 697.431
5900 149.611 -6241.15 -6091.54 695.576
5950 145.995 -6242.55 -6096.55 678.767
6000 148.867 -6244.06 -6095.19 692.118
6050 151.22 -6248.24 -6097.02 703.059
6100 153.245 -6250.73 -6097.49 712.474
6150 152.103 -6255.17 -6103.07 707.163
6200 149.235 -6251.26 -6102.03 693.828
6250 151.727 -6254.89 -6103.17 705.414
6300 152.708 -6251.66 -6098.96 709.976
6350 151.491 -6251.98 -6100.49 704.317
6400 151.515 -6248.67 -6097.15 704.431
6450 149.998 -6246.49 -6096.49 697.376
6500 150.264 -6242.58 -6092.31 698.615
6550 152.283 -6241.88 -6089.6 708.001
6600 150.356 -6239.31 -6088.95 699.041
6650 148.748 -6241.03 -6092.28 691.565
6700 150.31 -6242.67 -6092.36 698.828
6750 154.377 -6247.03 -6092.65 717.735
6800 155.273 -6248.95 -6093.67 721.901
6850 155.564 -6250.73 -6095.16 723.252
6900 152.296 -6248.41 -6096.11 708.061
6950 154.476 -6252.22 -6097.74 718.194
7000 155.378 -6250.97 -6095.59 722.39
7050 156.945 -6250.86 -6093.91 729.675
7100 153.752 -6247.09 -6093.34 714.831
7150 153.516 -6244.3 -6090.79 713.732
7200 152.432 -6240.14 -6087.71 708.694
7250 153.22 -6238.22 -6085 712.359
7300 152.428 -6235.88 -6083.46 708.676
7350 152.097 -6238.11 -6086.02 707.135
7400 153.096 -6239.06 -6085.97 711.781
7450 154.502 -6240.76 -6086.26 718.319
7500 159.454 -6247.97 -6088.52 741.339
7550 155.545 -6245.47 -6089.93 723.167
7600 155.956 -6247.57 -6091.62 725.077
7650 156.136 -6247.42 -6091.28 725.916
7700 157.686 -6251.45 -6093.76 733.118
7750 157.628 -6247.91 -6090.28 732.85
7800 155.893 -6242.75 -6086.86 724.784
7850 152.089 -6242.8 -6090.71 707.099
7900 152.31 -6237.34 -6085.03 708.128
7950 154.44 -6239.23 -6084.79 718.03
8000 151.275 -6234.95 -6083.67 703.316
8050 153.36 -6237.96 -6084.6 713.005
8100 154.678 -6239.67 -6085 719.135
8150 155.935 -6241.53 -6085.6 724.981
8200 157.4 -6244.58 -6087.18 731.791
8250 155.412 -6247.5 -6092.09 722.546
8300 157.676 -6249.1 -6091.43 733.073
8350 155.927 -6245.98 -6090.05 724.94
8400 158.268 -6247.54 -6089.28 735.825
8450 157.329 -6245.36 -6088.04 731.462
8500 155.518 -6243.4 -6087.88 723.041
8550 154.498 -6239.65 -6085.15 718.3
8600 156.296 -6235.96 -6079.67 726.66
8650 153.107 -6234.38 -6081.27 711.832
8700 152.851 -6232.21 -6079.36 710.641
8750 153.279 -6236.41 -6083.13 712.632
8800 152.288 -6234.22 -6081.93 708.026
8850 157.642 -6241.31 -6083.66 732.917
8900 157.793 -6242.42 -6084.63 733.62
8950 157.978 -6244.31 -6086.34 734.48
9000 158.059 -6247.1 -6089.05 734.856
9050 157.304 -6243.81 -6086.51 731.346
9100 159.26 -6247.7 -6088.44 740.436
9150 158.216 -6241.69 -6083.48 735.585
9200 157.064 -6241.4 -6084.34 730.23
9250 156.802 -6238.94 -6082.13 729.009
9300 155.311 -6234.88 -6079.57 722.08
9350 154.122 -6234.86 -6080.73 716.551
9400 154.776 -6232.22 -6077.44 719.591
9450 154.405 -6233.14 -6078.73 717.865
9500 155.993 -6236.69 -6080.7 725.249
9550 157.274 -6240.49 -6083.21 731.205
9600 156.548 -6242.04 -6085.5 727.827
9650 157.331 -6245.51 -6088.18 731.468
9700 158.594 -6244.61 -6086.02 737.341
9750 159.434 -6249.14 -6089.7 741.246
9800 157.516 -6249.31 -6091.79 732.328
9850 156.616 -6244.94 -6088.33 728.146
9900 156.054 -6244.13 -6088.07 725.532
9950 156.64 -6242.79 -6086.15 728.256
10000 155.587 -6240.57 -6084.98 723.363
10050 151.892 -6236.05 -6084.16 706.18
10100 152.069 -6234.08 -6082.01 707.007
10150 152.743 -6240.09 -6087.35 710.137
10200 151.715 -6237.09 -6085.38 705.359
10250 155.167 -6243.06 -6087.89 721.411
10300 156.877 -6248.85 -6091.98 729.358
10350 153.403 -6246.33 -6092.93 713.206
10400 156.086 -6248.48 -6092.39 725.682
10450 157.869 -6249.51 -6091.64 733.969
10500 156.557 -6246.82 -6090.27 727.872
10550 157.913 -6248.16 -6090.25 734.177
10600 154.97 -6244.96 -6089.99 720.495
10650 154.436 -6239.67 -6085.23 718.01
10700 157.44 -6240.13 -6082.69 731.977
10750 153.52 -6235.01 -6081.49 713.753
10800 150.134 -6233.67 -6083.54 698.009
10850 151.266 -6239.65 -6088.38 703.274
10900 152.123 -6238.32 -6086.2 707.258
10950 157.046 -6244.38 -6087.34 730.144
11000 156.202 -6244.65 -6088.45 726.22
11050 157.388 -6248.49 -6091.1 731.735
11100 154.719 -6248.1 -6093.38 719.325
11150 158.299 -6248.53 -6090.23 735.968
11200 155.788 -6248.61 -6092.82 724.294
11250 155.55 -6249.22 -6093.67 723.189
11300 152.224 -6248.72 -6096.5 707.725
11350 152.567 -6242.27 -6089.7 709.323
11400 152.415 -6242.5 -6090.09 708.613
11450 152.774 -6239.38 -6086.6 710.282
11500 150.626 -6238.98 -6088.35 700.298
11550 151.943 -6237.91 -6085.97 706.419
11600 153.856 -6243.78 -6089.92 715.313
11650 154.763 -6242.91 -6088.14 719.533
11700 155.887 -6249.13 -6093.24 724.756
11750 154.4 -6246.6 -6092.2 717.842
11800 153.592 -6249.4 -6095.81 714.088
11850 154.489 -6249.21 -6094.72 718.256
11900 155.37 -6248.8 -6093.43 722.351
11950 154.582 -6246.04 -6091.45 718.69
12000 156.427 -6246.66 -6090.24 727.266
12050 151.971 -6242.93 -6090.96 706.548
12100 150.539 -6238.88 -6088.34 699.891
12150 153.537 -6238.58 -6085.04 713.83
12200 152.377 -6238.55 -6086.18 708.439
12250 152.282 -6237.9 -6085.62 707.995
12300 154.516 -6239.76 -6085.24 718.382
12350 155.381 -6243.05 -6087.67 722.405
12400 155.341 -6243.99 -6088.65 722.22
12450 156.827 -6247.69 -6090.86 729.124
12500 156.094 -6248.53 -6092.44 725.718
12550 154.815 -6247.66 -6092.84 719.772
12600 156.464 -6246.41 -6089.94 727.439
12650 157.038 -6246.4 -6089.36 730.11
12700 153.704 -6240.45 -6086.75 714.608
12750 153.737 -6240.75 -6087.01 714.762
12800 153.041 -6240.13 -6087.08 711.524
12850 151.023 -6236.53 -6085.51 702.144
12900 151.934 -6237.37 -6085.44 706.379
12950 154.44 -6240.6 -6086.16 718.031
13000 153.293 -6240.97 -6087.67 712.698
13050 154.678 -6241.85 -6087.17 719.137
13100 156.631 -6245.28 -6088.65 728.214
13150 156.757 -6243.85 -6087.1 728.803
13200 160.052 -6246.33 -6086.28 744.121
13250 157.106 -6245.8 -6088.69 730.423
13300 157.435 -6245.2 -6087.77 731.955
13350 156.595 -6241.24 -6084.64 728.047
13400 159.372 -6243.84 -6084.47 740.958
13450 153.485 -6237.66 -6084.17 713.589
13500 153.522 -6234.43 -6080.91 713.759
13550 154.245 -6237.6 -6083.36 717.122
13600 152.51 -6234.03 -6081.52 709.057
13650 155.034 -6235.06 -6080.02 720.789
13700 156.114 -6239.5 -6083.39 725.811
13750 157.418 -6242.64 -6085.22 731.873
13800 157.923 -6245.66 -6087.74 734.222
13850 154.841 -6243.06 -6088.22 719.892
13900 158.084 -6245.91 -6087.83 734.973
13950 155.634 -6246.13 -6090.49 723.582
14000 156.715 -6247.22 -6090.5 728.606
14050 154.377 -6244.03 -6089.65 717.734
14100 157.209 -6244.08 -6086.87 730.904
14150 152.992 -6240.39 -6087.39 711.295
14200 153.359 -6238.61 -6085.26 713.002
14250 152.872 -6236.92 -6084.05 710.737
14300 154.022 -6238.9 -6084.88 716.085
14350 154.276 -6237.36 -6083.09 717.265
14400 154.703 -6239.83 -6085.12 719.253
14450 157.171 -6242.96 -6085.79 730.725
14500 154.116 -6241.72 -6087.6 716.524
14550 156.097 -6245.02 -6088.92 725.731
14600 157.333 -6246.01 -6088.68 731.477
14650 156.735 -6246.82 -6090.09 728.7
14700 155.207 -6244.67 -6089.47 721.595
14750 154.038 -6246.51 -6092.47 716.159
14800 155.346 -6241.21 -6085.86 722.242
14850 154.523 -6241.96 -6087.44 718.414
14900 154.392 -6238.43 -6084.04 717.806
14950 154.742 -6238.56 -6083.82 719.435
15000 152.463 -6234.93 -6082.47 708.837
15050 155.259 -6238.8 -6083.54 721.839
15100 157.463 -6238.7 -6081.24 732.084
15150 158.552 -6240.82 -6082.26 737.149
15200 158.749 -6242.02 -6083.27 738.06
15250 157.303 -6243.11 -6085.8 731.341
15300 156.436 -6242.03 -6085.59 727.307
15350 156.657 -6244.63 -6087.97 728.338
15400 157.947 -6245.41 -6087.46 734.334
15450 156.633 -6241.96 -6085.33 728.225
15500 154.992 -6243.79 -6088.8 720.596
15550 151.017 -6237.51 -6086.5 702.113
15600 152.199 -6240.22 -6088.03 707.609
15650 154.557 -6240.92 -6086.37 718.571
15700 154.881 -6238.93 -6084.05 720.081
15750 154.688 -6238.96 -6084.27 719.181
15800 154.393 -6240.98 -6086.59 717.808
15850 155.452 -6242.6 -6087.15 722.734
15900 154.798 -6245.57 -6090.78 719.691
15950 155.707 -6247.54 -6091.84 723.918
16000 154.899 -6246.33 -6091.43 720.164
16050 154.584 -6246.74 -6092.15 718.697
16100 154.87 -6248.21 -6093.34 720.026
16150 153.082 -6244.57 -6091.49 711.714
16200 149.901 -6243.91 -6094.01 696.924
16250 151.603 -6245.17 -6093.56 704.837
16300 149.486 -6241.86 -6092.38 694.998
16350 151.626 -6240.9 -6089.27 704.947
16400 153.343 -6242.82 -6089.47 712.93
16450 152.102 -6244.69 -6092.58 707.161
16500 153.14 -6244.87 -6091.73 711.982
16550 152.393 -6244.66 -6092.26 708.512
16600 156.09 -6245.37 -6089.28 725.698
16650 157.751 -6247.21 -6089.46 733.421
16700 155.145 -6243.56 -6088.42 721.306
16750 156.081 -6244.32 -6088.24 725.657
16800 154.365 -6243.03 -6088.67 717.68
16850 155.5 -6242.03 -6086.53 722.955
16900 155.924 -6239.08 -6083.16 724.929
16950 155.271 -6240.41 -6085.14 721.892
17000 153.251 -6234.36 -6081.11 712.503
17050 153.843 -6240.68 -6086.84 715.253
17100 155.217 -6239.93 -6084.71 721.641
17150 155.562 -6240.23 -6084.67 723.246
17200 154.593 -6240.09 -6085.5 718.739
17250 156.723 -6243.34 -6086.62 728.641
17300 155.603 -6242.21 -6086.6 723.436
17350 157.366 -6245.14 -6087.77 731.635
17400 157.788 -6243.92 -6086.13 733.593
17450 154.285 -6243.68 -6089.39 717.307
17500 156.648 -6243.9 -6087.25 728.296
17550 153.888 -6239.25 -6085.36 715.462
17600 155.922 -6240.45 -6084.53 724.921
17650 153.868 -6239.8 -6085.93 715.367
17700 152.987 -6240.48 -6087.49 711.274
17750 151.386 -6239.61 -6088.22 703.828
17800 152.42 -6243.98 -6091.56 708.64
17850 153.275 -6243.36 -6090.09 712.612
17900 153.623 -6249.21 -6095.59 714.229
17950 152.182 -6244.88 -6092.7 707.53
18000 154.742 -6252.1 -6097.36 719.435
18050 151.786 -6245.74 -6093.95 705.69
18100 152.864 -6248.46 -6095.6 710.7
18150 151.554 -6247.95 -6096.4 704.611
18200 152.54 -6248.84 -6096.3 709.197
18250 150.749 -6243.94 -6093.19 700.87
18300 152.117 -6246.75 -6094.63 707.228
18350 151.273 -6241.89 -6090.62 703.304
18400 152.239 -6242.7 -6090.47 707.798
18450 153.936 -6243.09 -6089.15 715.688
18500 152.471 -6243.33 -6090.86 708.873
18550 151.998 -6244.1 -6092.1 706.675
18600 154.421 -6246.17 -6091.75 717.943
18650 155.176 -6248.47 -6093.3 721.449
18700 154.189 -6247.26 -6093.07 716.862
18750 153.177 -6248.6 -6095.42 712.157
18800 154.539 -6249.52 -6094.98 718.487
18850 154.176 -6246.24 -6092.06 716.799
18900 153.015 -6247.85 -6094.84 711.404
18950 152.121 -6244.75 -6092.63 707.249
19000 151.234 -6242.16 -6090.93 703.122
19050 151.543 -6241.91 -6090.37 704.56
19100 152.845 -6242.62 -6089.77 710.614
19150 150.915 -6241.92 -6091.01 701.64
19200 153.4 -6244.23 -6090.83 713.195
19250 154.369 -6246.34 -6091.97 717.698
19300 153.763 -6243.38 -6089.61 714.879
19350 155.391 -6246.78 -6091.39 722.45
19400 155.166 -6245.63 -6090.46 721.404
19450 155.535 -6248.74 -6093.2 723.118
19500 154.63 -6244.34 -6089.71 718.914
19550 155.265 -6244.9 -6089.64 721.863
19600 155.171 -6244.6 -6089.43 721.429
19650 152.811 -6243.06 -6090.25 710.453
19700 151.573 -6241.63 -6090.05 704.701
19750 151.907 -6243.37 -6091.46 706.254
19800 152.641 -6242.24 -6089.6 709.665
19850 151.028 -6244.28 -6093.26 702.165
19900 153.72 -6245.32 -6091.6 714.68
19950 151.767 -6245.75 -6093.98 705.602
20000 153.214 -6247.79 -6094.58 712.33
20050 152.123 -6245.49 -6093.37 707.258
20100 154.189 -6249.28 -6095.09 716.863
20150 155.539 -6250.37 -6094.83 723.139
20200 151.081 -6246.29 -6095.21 702.411
20250 152.132 -6248.76 -6096.63 707.296
20300 151.36 -6246.76 -6095.4 703.711
20350 150.622 -6247.9 -6097.28 700.277
20400 151.104 -6243.68 -6092.58 702.518
20450 151.579 -6242.82 -6091.24 704.729
20500 151.803 -6242.39 -6090.58 705.769
20550 154.181 -6241.79 -6087.61 716.825
20600 156.057 -6241.75 -6085.7 725.545
20650 156.212 -6245.27 -6089.06 726.269
20700 157.382 -6244.78 -6087.4 731.706
20750 155.422 -6243.86 -6088.44 722.593
20800 155.099 -6245.67 -6090.57 721.092
20850 155.752 -6245.01 -6089.26 724.129
20900 153.527 -6244.34 -6090.81 713.785
20950 154.45 -6243.11 -6088.66 718.074
21000 153.843 -6243.03 -6089.19 715.252
21050 153.957 -6240.22 -6086.26 715.781
21100 155.349 -6240.15 -6084.8 722.253
21150 152.982 -6241.59 -6088.61 711.251
21200 153.244 -6239.92 -6086.68 712.468
21250 153.168 -6243.65 -6090.48 712.116
21300 154.524 -6245.5 -6090.98 718.418
21350 155.99 -6247.76 -6091.77 725.233
21400 154.522 -6244.73 -6090.21 718.412
21450 154.595 -6246.96 -6092.36 718.749
21500 153.386 -6248.27 -6094.88 713.128
21550 154.351 -6247.04 -6092.69 717.616
21600 154.25 -6246.83 -6092.58 717.146
21650 152.459 -6246.12 -6093.66 708.821
21700 151.322 -6243.91 -6092.59 703.533
21750 152.98 -6243.65 -6090.67 711.239
21800 150.401 -6244.51 -6094.1 699.249
21850 150.521 -6242.61 -6092.08 699.809
21900 151.149 -6246.58 -6095.43 702.728
21950 149.994 -6249.04 -6099.04 697.356
22000 150.731 -6250.72 -6099.99 700.783
22050 150.144 -6251.28 -6101.14 698.055
22100 151.311 -6251.35 -6100.04 703.48
22150 149.567 -6251.77 -6102.2 695.373
22200 151.291 -6252.93 -6101.63 703.39
22250 149.916 -6250.73 -6100.82 696.995
22300 149.935 -6251.78 -6101.85 697.085
22350 150.154 -6251.98 -6101.82 698.102
22400 146.303 -6244.09 -6097.79 680.2
22450 151.093 -6247.72 -6096.63 702.467
22500 150.336 -6247.04 -6096.7 698.947
22550 149.643 -6247.65 -6098.01 695.726
22600 148.515 -6245.83 -6097.32 690.482
22650 149.952 -6249.26 -6099.31 697.165
22700 152.76 -6249.3 -6096.54 710.219
22750 151.422 -6249.19 -6097.77 703.995
22800 152.556 -6250.67 -6098.12 709.269
22850 151.606 -6249.72 -6098.11 704.853
22900 152.083 -6250.59 -6098.51 707.071
22950 151.897 -6248.07 -6096.17 706.205
23000 149.948 -6250.56 -6100.61 697.145
23050 149.478 -6246.96 -6097.48 694.959
23100 151.768 -6246.11 -6094.35 705.608
23150 150.47 -6244.67 -6094.2 699.572
23200 150.004 -6243.1 -6093.1 697.407
23250 150.99 -6246.03 -6095.04 701.989
23300 151.386 -6247.28 -6095.9 703.828
23350 149.922 -6244.95 -6095.02 697.024
23400 154.279 -6247.06 -6092.79 717.28
23450 153.266 -6247.45 -6094.18 712.569
23500 154.187 -6248.11 -6093.92 716.851
23550 152.454 -6250.15 -6097.7 708.794
23600 150.777 -6245.82 -6095.04 701.001
23650 151.897 -6247.8 -6095.91 706.205
23700 151.976 -6247.3 -6095.32 706.574
23750 152.438 -6248.19 -6095.75 708.719
23800 150.02 -6244.53 -6094.51 697.478
23850 151.006 -6245.51 -6094.51 702.063
23900 150.531 -6245.43 -6094.9 699.855
23950 150.67 -6246.79 -6096.12 700.5
24000 152.504 -6245.72 -6093.22 709.03
24050 152.127 -6248.03 -6095.9 707.275
24100 153.611 -6245.66 -6092.05 714.173
24150 153.606 -6248.91 -6095.3 714.149
24200 151.848 -6248.3 -6096.46 705.979
24250 151.85 -6246.98 -6095.13 705.987
24300 153.563 -6250.43 -6096.87 713.952
24350 153.947 -6248.26 -6094.31 715.738
24400 151.769 -6247.28 -6095.51 705.611
24450 150.177 -6242.54 -6092.36 698.207
24500 152.586 -6245.8 -6093.21 709.408
24550 150.625 -6243.23 -6092.6 700.29
24600 151.655 -6244.91 -6093.25 705.08
24650 150.982 -6246.53 -6095.55 701.954
24700 151.315 -6246.06 -6094.74 703.502
24750 150.942 -6245.3 -6094.36 701.764
24800 151.947 -6249.19 -6097.24 706.437
24850 151.514 -6246.66 -6095.15 704.426
24900 155.088 -6249.52 -6094.44 721.04
24950 155.055 -6248.14 -6093.08 720.889
25000 153.56 -6243.42 -6089.86 713.94
25050 154.112 -6246.4 -6092.29 716.505
25100 152.719 -6243.14 -6090.42 710.028
25150 151.758 -6243.02 -6091.26 705.558
25200 152.855 -6241.22 -6088.36 710.657
25250 151.736 -6238.77 -6087.04 705.456
25300 153.407 -6241.72 -6088.31 713.227
25350 152.627 -6240.64 -6088.01 709.601
25400 154.362 -6241.67 -6087.3 717.665
25450 155.818 -6245.07 -6089.26 724.434
25500 154.58 -6246.4 -6091.82 718.68
25550 153.621 -6245.43 -6091.81 714.22
25600 155.212 -6248.3 -6093.09 721.617
25650 153.44 -6247.87 -6094.43 713.381
25700 155.021 -6248.33 -6093.31 720.728
25750 154.724 -6246.48 -6091.76 719.349
25800 153.336 -6245.36 -6092.02 712.895
25850 152.747 -6243.87 -6091.12 710.158
25900 154.226 -6245.66 -6091.43 717.033
25950 151.619 -6243.4 -6091.78 704.911
26000 150.987 -6244.13 -6093.14 701.975
26050 151.181 -6243.55 -6092.37 702.878
26100 152.147 -6247.93 -6095.79 707.369
26150 149.924 -6245.05 -6095.13 697.033
26200 151.32 -6247.39 -6096.07 703.522
26250 151.607 -6248.77 -6097.17 704.855
26300 153.52 -6248.45 -6094.93 713.75
26350 154.74 -6245.78 -6091.04 719.424
26400 155.879 -6249.36 -6093.48 724.717
26450 152.627 -6246.6 -6093.98 709.6
26500 152.368 -6244.4 -6092.03 708.397
26550 153.611 -6245.29 -6091.68 714.172
26600 151.656 -6243.95 -6092.29 705.087
26650 150.021 -6243.76 -6093.73 697.483
26700 152.409 -6242.41 -6090 708.586
26750 152.662 -6242.55 -6089.89 709.763
26800 154.892 -6242.8 -6087.91 720.13
26850 153.63 -6243.6 -6089.97 714.264
26900 153.764 -6245.53 -6091.77 714.884
26950 154.85 -6246.49 -6091.64 719.934
27000 153.641 -6245.3 -6091.66 714.314
27050 155.699 -6247.28 -6091.58 723.88
27100 153.506 -6242.84 -6089.33 713.686
27150 155.855 -6245.48 -6089.63 724.608
27200 155.649 -6241.06 -6085.42 723.649
27250 157.483 -6240.27 -6082.78 732.178
27300 157.473 -6238.79 -6081.31 732.132
27350 154.967 -6239.34 -6084.37 720.48
27400 154.959 -6238.88 -6083.92 720.441
27450 153.697 -6237.59 -6083.89 714.574
27500 156.761 -6238.22 -6081.46 728.82
27550 158.095 -6239.74 -6081.64 735.021
27600 155.972 -6241.74 -6085.77 725.152
27650 157.144 -6240.55 -6083.41 730.603
27700 157.631 -6242.15 -6084.51 732.866
27750 157.978 -6241.26 -6083.28 734.477
27800 156.523 -6239.99 -6083.47 727.712
27850 157.505 -6239.9 -6082.39 732.278
27900 155.873 -6240.11 -6084.24 724.693
27950 154.883 -6237.76 -6082.88 720.089
28000 155.74 -6238.73 -6082.99 724.071
28050 154.36 -6237.47 -6083.11 717.656
28100 155.486 -6241.03 -6085.54 722.892
28150 152.188 -6236.29 -6084.1 707.557
28200 154.28 -6240.43 -6086.15 717.286
28250 153.035 -6240.5 -6087.46 711.494
28300 154.851 -6242.86 -6088.01 719.941
28350 155.639 -6242.94 -6087.3 723.602
28400 155.441 -6243.55 -6088.11 722.681
28450 156.212 -6245.25 -6089.04 726.266
28500 154.69 -6244.97 -6090.28 719.193
28550 153.18 -6241.01 -6087.83 712.172
28600 154.532 -6242.48 -6087.95 718.456
28650 155.358 -6239.32 -6083.96 722.295
28700 156.264 -6241.69 -6085.43 726.509
28750 153.933 -6237.98 -6084.05 715.673
28800 153.577 -6240.59 -6087.01 714.018
28850 155.578 -6240.43 -6084.85 723.319
28900 154.912 -6240.59 -6085.67 720.225
28950 156.272 -6243.54 -6087.27 726.544
29000 155.406 -6242.57 -6087.16 722.522
29050 155.292 -6242.66 -6087.37 721.99
29100 156.928 -6245.61 -6088.68 729.596
29150 156.321 -6241.21 -6084.89 726.774
29200 154.757 -6239.68 -6084.92 719.501
29250 156.521 -6243.24 -6086.72 727.702
29300 153.165 -6239.7 -6086.53 712.101
29350 155.666 -6239.22 -6083.55 723.73
29400 154.532 -6238.42 -6083.89 718.456
29450 155.597 -6237.55 -6081.95 723.41
29500 155.824 -6238.89 -6083.07 724.464
29550 156.132 -6237.95 -6081.81 725.897
29600 157.549 -6239.87 -6082.32 732.482
29650 156.144 -6238.2 -6082.05 725.95
29700 157.473 -6242.19 -6084.72 732.13
29750 155.793 -6241.97 -6086.18 724.317
29800 157.17 -6240.99 -6083.82 730.723
29850 154.379 -6242.32 -6087.94 717.746
29900 156.751 -6243.52 -6086.77 728.775
29950 153.811 -6239.08 -6085.27 715.106
30000 153.717 -6239.84 -6086.13 714.665
30050 154.52 -6239.99 -6085.47 718.402
30100 153.711 -6242.75 -6089.04 714.639
30150 154.18 -6239.56 -6085.38 716.82
30200 154.907 -6244.03 -6089.13 720.201
30250 151.371 -6240.12 -6088.75 703.76
30300 154.585 -6243.41 -6088.82 718.702
30350 155.634 -6242.73 -6087.09 723.579
30400 153.476 -6243.77 -6090.3 713.548
30450 156.494 -6246.76 -6090.27 727.577
30500 152.94 -6245.04 -6092.1 711.054
30550 152.598 -6244.39 -6091.79 709.467
30600 152.025 -6244.16 -6092.13 706.799
30650 154.653 -6244.68 -6090.03 719.019
30700 152.918 -6242.71 -6089.79 710.952
30750 152.697 -6242.21 -6089.52 709.925
30800 151.117 -6242.73 -6091.62 702.58
30850 152.439 -6244.57 -6092.14 708.727
30900 154.807 -6245.4 -6090.6 719.737
30950 151.854 -6244.7 -6092.85 706.007
31000 152.651 -6247.75 -6095.09 709.711
31050 152.165 -6245.97 -6093.8 707.453
31100 151.911 -6247.2 -6095.29 706.272
31150 153.336 -6246.47 -6093.13 712.895
31200 155.484 -6246.26 -6090.77 722.882
31250 154.964 -6245.19 -6090.23 720.465
31300 154.487 -6241.78 -6087.3 718.249
31350 155.022 -6242.79 -6087.77 720.737
31400 155.575 -6241.73 -6086.16 723.303
31450 152.526 -6238.53 -6086.01 709.132
31500 152.673 -6239.28 -6086.6 709.814
31550 155.734 -6244.96 -6089.23 724.044
31600 154.243 -6239.65 -6085.41 717.114
31650 153.806 -6243.44 -6089.64 715.081
31700 154.075 -6244.51 -6090.44 716.334
31750 152.995 -6244.37 -6091.37 711.31
31800 154.506 -6245.69 -6091.18 718.337
31850 155.083 -6246.4 -6091.31 721.019
31900 153.356 -6244.44 -6091.09 712.988
31950 152.767 -6244.34 -6091.58 710.25
32000 153.526 -6244.85 -6091.33 713.78
32050 152.018 -6243.24 -6091.22 706.769
32100 153.604 -6243.86 -6090.26 714.142
32150 152.822 -6241.88 -6089.06 710.505
32200 151.725 -6242.77 -6091.05 705.406
32250 152.939 -6242.32 -6089.38 711.052
32300 154.056 -6241.68 -6087.63 716.245
32350 153.848 -6241.08 -6087.23 715.275
32400 155.429 -6245.91 -6090.48 722.625
32450 153.839 -6244.29 -6090.46 715.232
32500 153.882 -6246.94 -6093.06 715.434
32550 151.729 -6241.17 -6089.44 705.422
32600 153.765 -6245.33 -6091.56 714.892
32650 155.138 -6245.99 -6090.85 721.274
32700 152.646 -6245.99 -6093.34 709.688
32750 150.326 -6240.36 -6090.04 698.899
32800 151.369 -6248.39 -6097.03 703.749
32850 151.449 -6244.51 -6093.06 704.121
32900 152.296 -6247.4 -6095.1 708.061
32950 149.847 -6243.14 -6093.3 696.677
33000 153.12 -6246.1 -6092.98 711.89
33050 153.486 -6245.12 -6091.64 713.595
33100 150.682 -6242.37 -6091.69 700.555
33150 154.782 -6247.59 -6092.81 719.619
33200 153.451 -6244.58 -6091.13 713.431
33250 154.763 -6247.48 -6092.72 719.529
33300 153.585 -6242.64 -6089.05 714.054
33350 154.033 -6243.88 -6089.84 716.138
33400 153.534 -6242.44 -6088.91 713.816
33450 155.072 -6244.13 -6089.06 720.966
33500 154.211 -6243.9 -6089.69 716.964
33550 151.241 -6240.86 -6089.62 703.157
33600 155.43 -6245.99 -6090.56 722.631
33650 152.942 -6240.25 -6087.31 711.062
33700 153.74 -6241.61 -6087.87 714.775
33750 156.276 -6245.31 -6089.04 726.563
33800 154.777 -6242.4 -6087.62 719.595
33850 152.689 -6244.9 -6092.21 709.889
33900 153.031 -6242.75 -6089.72 711.476
33950 153.839 -6244.29 -6090.45 715.235
34000 155.256 -6246.68 -6091.42 721.823
34050 153.108 -6243.62 -6090.52 711.834
34100 151.769 -6242.63 -6090.86 705.61
34150 154.091 -6245.66 -6091.57 716.404
34200 151.986 -6239.45 -6087.46 706.621
34250 154.613 -6244.18 -6089.57 718.834
34300 153.437 -6240.67 -6087.23 713.363
34350 155.437 -6244.03 -6088.59 722.666
34400 156.276 -6242.85 -6086.58 726.565
34450 157.225 -6242.59 -6085.36 730.975
34500 155.048 -6239.8 -6084.75 720.857
34550 156.88 -6243.33 -6086.45 729.372
34600 157.153 -6241.66 -6084.5 730.644
34650 156.955 -6241.08 -6084.12 729.72
34700 157.124 -6240.73 -6083.61 730.506
34750 155.184 -6238.96 -6083.78 721.489
34800 156.164 -6239.8 -6083.63 726.044
34850 155.961 -6237.96 -6082 725.099
34900 155.95 -6239.96 -6084.01 725.047
34950 156.411 -6238.39 -6081.98 727.192
35000 156.409 -6242.34 -6085.93 727.181
35050 155.604 -6239.38 -6083.78 723.442
35100 155.869 -6242.68 -6086.81 724.675
35150 155.39 -6241.75 -6086.36 722.446
35200 155.661 -6243.92 -6088.26 723.704
35250 154.729 -6244.3 -6089.57 719.374
35300 156.723 -6243.93 -6087.2 728.642
35350 156.604 -6243.01 -6086.4 728.09
35400 156.806 -6240.33 -6083.53 729.027
35450 156.696 -6243.14 -6086.44 728.52
35500 154.677 -6235.95 -6081.28 719.132
35550 155.817 -6237.32 -6081.5 724.431
35600 154.872 -6240.01 -6085.14 720.038
35650 155.056 -6239.76 -6084.71 720.894
35700 157.075 -6241.97 -6084.89 730.278
35750 154.856 -6238.76 -6083.9 719.963
35800 156.125 -6241.38 -6085.26 725.861
35850 158.16 -6243.97 -6085.81 735.326
35900 155.44 -6242.02 -6086.58 722.676
35950 155.034 -6243.1 -6088.06 720.793
36000 157.46 -6244.82 -6087.36 732.068
36050 154.464 -6239.93 -6085.46 718.14
36100 154.855 -6245.43 -6090.57 719.957
36150 153.155 -6242.53 -6089.38 712.052
36200 152.848 -6243.15 -6090.3 710.627
36250 153.137 -6241.4 -6088.26 711.97
36300 153.219 -6242.7 -6089.48 712.351
36350 154.012 -6243.78 -6089.77 716.037
36400 152.09 -6241.69 -6089.6 707.104
36450 155.882 -6246.78 -6090.89 724.733
36500 154.143 -6244.2 -6090.06 716.65
36550 153.539 -6246.36 -6092.82 713.84
36600 151.622 -6245.15 -6093.53 704.926
36650 154.594 -6248.27 -6093.68 718.744
36700 153.143 -6244.69 -6091.55 712
36750 153.068 -6246.96 -6093.9 711.648
36800 152.583 -6245.26 -6092.67 709.393
36850 150.44 -6243.96 -6093.52 699.433
36900 152.381 -6244.87 -6092.49 708.458
36950 151.805 -6241.82 -6090.02 705.776
37000 153.32 -6247.24 -6093.92 712.822
37050 147.479 -6239.84 -6092.36 685.664
37100 151.48 -6247.99 -6096.51 704.269
37150 152.194 -6246.23 -6094.04 707.587
37200 149.508 -6247.03 -6097.53 695.097
37250 150.227 -6247.2 -6096.98 698.439
37300 151.035 -6249.71 -6098.67 702.2
37350 150.521 -6247.04 -6096.52 699.807
37400 152.772 -6248.27 -6095.5 710.273
37450 151.507 -6246.81 -6095.3 704.391
37500 150.972 -6246.56 -6095.59 701.905
37550 151.029 -6245.91 -6094.88 702.172
37600 150.48 -6244.62 -6094.14 699.618
37650 152.211 -6244.4 -6092.19 707.664
37700 152.492 -6246.45 -6093.96 708.973
37750 148.949 -6242.91 -6093.96 692.498
37800 152.108 -6246.21 -6094.1 707.186
37850 152.088 -6246.8 -6094.71 707.092
37900 152.432 -6246.59 -6094.16 708.694
37950 153.728 -6248.16 -6094.44 714.717
38000 153.356 -6245.82 -6092.46 712.988
38050 152.897 -6247.38 -6094.48 710.854
38100 154.186 -6247.92 -6093.73 716.848
38150 150.903 -6246.38 -6095.48 701.582
38200 149.747 -6245.47 -6095.72 696.212
38250 150.26 -6245.25 -6094.99 698.594
38300 152.839 -6246.23 -6093.39 710.588
38350 153.257 -6244.48 -6091.22 712.53
38400 151.906 -6243.48 -6091.57 706.248
38450 150.175 -6242.76 -6092.58 698.201
38500 151.685 -6245.31 -6093.63 705.22
38550 153.131 -6244.48 -6091.34 711.942
38600 154.833 -6245.47 -6090.63 719.856
38650 152.879 -6246.08 -6093.2 710.769
38700 152.638 -6244.54 -6091.9 709.652
38750 155.507 -6245.38 -6089.88 722.989
38800 153.15 -6242.27 -6089.12 712.032
38850 155.117 -6244.85 -6089.73 721.178
38900 152.395 -6243.09 -6090.7 708.522
38950 153.668 -6243.18 -6089.51 714.441
39000 152.542 -6240.41 -6087.87 709.206
39050 153.084 -6242.29 -6089.2 711.722
39100 151.052 -6239.46 -6088.4 702.279
39150 151.769 -6240.92 -6089.15 705.609
39200 153.689 -6241.94 -6088.25 714.539
39250 155.581 -6244.08 -6088.5 723.332
39300 156.282 -6244.47 -6088.19 726.591
39350 153.433 -6242.8 -6089.37 713.347
39400 154.258 -6244.92 -6090.66 717.18
39450 154.94 -6245.15 -6090.21 720.355
39500 155.122 -6244.03 -6088.91 721.198
39550 156.19 -6245.38 -6089.19 726.166
39600 151.925 -6240.47 -6088.55 706.334
39650 151.277 -6239.63 -6088.35 703.323
39700 153.525 -6244.85 -6091.32 713.773
39750 154.916 -6239.79 -6084.87 720.243
39800 153.529 -6242.51 -6088.99 713.791
39850 151.614 -6241.17 -6089.56 704.888
39900 152.844 -6241.34 -6088.5 710.607
39950 156.087 -6245.59 -6089.51 725.686
40000 155.102 -6245.21 -6090.1 721.106
40050 154.878 -6246.79 -6091.91 720.067
40100 152.59 -6245.68 -6093.09 709.428
40150 154.818 -6245.65 -6090.83 719.788
40200 155.767 -6245.59 -6089.83 724.196
40250 154.37 -6244.38 -6090.01 717.702
40300 152.858 -6242.79 -6089.93 710.676
40350 150.503 -6241.27 -6090.76 699.725
40400 155.827 -6241.98 -6086.16 724.475
40450 152.873 -6240.02 -6087.15 710.744
40500 153.801 -6241.97 -6088.17 715.06
40550 154.14 -6242.2 -6088.06 716.632
40600 154.765 -6243.36 -6088.6 719.538
40650 155.838 -6242.36 -6086.52 724.528
40700 158.125 -6246 -6087.87 735.16
40750 154.278 -6242.46 -6088.18 717.274
40800 154.838 -6243.74 -6088.9 719.88
40850 156.167 -6242.42 -6086.25 726.06
40900 156.669 -6241.56 -6084.89 728.39
40950 157.046 -6242.05 -6085 730.143
41000 154.682 -6243.65 -6088.97 719.153
41050 150.96 -6236.93 -6085.97 701.852
41100 155.583 -6242.05 -6086.47 723.343
41150 154.681 -6239.27 -6084.59 719.151
41200 155.501 -6240.79 -6085.29 722.96
41250 154.525 -6240.29 -6085.77 718.423
41300 154.478 -6241.94 -6087.46 718.204
41350 157.184 -6244.83 -6087.65 730.786
41400 155.202 -6242.65 -6087.45 721.571
41450 156.295 -6246.74 -6090.45 726.655
41500 152.194 -6245.02 -6092.83 707.588
41550 154.59 -6247.06 -6092.47 718.725
41600 155.231 -6246.16 -6090.93 721.704
41650 153.704 -6245.15 -6091.45 714.607
41700 150.472 -6242.43 -6091.95 699.581
41750 151.079 -6242.57 -6091.49 702.404
41800 152.988 -6244.29 -6091.31 711.277
41850 153.447 -6243.52 -6090.07 713.41
41900 151.513 -6244.64 -6093.13 704.419
41950 151.719 -6246.95 -6095.23 705.377
42000 151.299 -6242.36 -6091.06 703.424
42050 153.43 -6247.34 -6093.91 713.335
42100 154.699 -6246.7 -6092 719.235
42150 152.192 -6245.72 -6093.53 707.579
42200 152.166 -6245.36 -6093.19 707.457
42250 153.274 -6248.36 -6095.08 712.607
42300 153.004 -6246.76 -6093.76 711.354
42350 152.615 -6244.43 -6091.82 709.546
42400 154.585 -6247.43 -6092.85 718.702
42450 150.807 -6239.78 -6088.97 701.136
42500 153.298 -6243.03 -6089.74 712.721
42550 154.367 -6243.88 -6089.51 717.69
42600 152.991 -6244.06 -6091.07 711.291
42650 150.905 -6243.2 -6092.29 701.596
42700 152.126 -6245.19 -6093.06 707.271
42750 154.729 -6249.06 -6094.34 719.371
42800 151.916 -6245.61 -6093.69 706.295
42850 151.738 -6248.53 -6096.8 705.464
42900 150.854 -6247.43 -6096.58 701.355
42950 151.538 -6246.95 -6095.41 704.538
43000 153.376 -6245.56 -6092.19 713.084
43050 152.399 -6244.89 -6092.49 708.54
43100 152.315 -6247.22 -6094.9 708.149
43150 149.053 -6242.05 -6093 692.983
43200 151.28 -6244.4 -6093.12 703.335
43250 152.489 -6243.85 -6091.36 708.956
43300 152.883 -6244.56 -6091.68 710.788
43350 153.454 -6245.02 -6091.57 713.446
43400 151.223 -6246.19 -6094.97 703.074
43450 152.323 -6245.8 -6093.48 708.185
43500 152.289 -6245.67 -6093.38 708.027
43550 151.923 -6249.03 -6097.11 706.325
43600 150.78 -6246.43 -6095.65 701.014
43650 153.645 -6247.16 -6093.51 714.333
43700 153.132 -6244.91 -6091.78 711.945
43750 152.668 -6242.92 -6090.26 709.788
43800 153.915 -6242.63 -6088.72 715.588
43850 154.041 -6242.56 -6088.52 716.176
43900 153.99 -6237.29 -6083.3 715.935
43950 153.893 -6241.08 -6087.18 715.486
44000 154.693 -6239.88 -6085.19 719.206
44050 154.027 -6240.59 -6086.56 716.11
44100 155.475 -6239.74 -6084.27 722.842
44150 156.829 -6242.4 -6085.57 729.138
44200 155.004 -6240.61 -6085.6 720.653
44250 156.606 -6243.6 -6086.99 728.1
44300 156.477 -6241.33 -6084.85 727.502
44350 159.04 -6242.53 -6083.49 739.414
44400 157.039 -6241.04 -6084 730.112
44450 155.646 -6239.12 -6083.48 723.636
44500 154.578 -6238.54 -6083.96 718.671
44550 155.204 -6240.04 -6084.83 721.583
44600 154.952 -6240.09 -6085.14 720.41
44650 154.587 -6239.09 -6084.5 718.71
44700 154.524 -6241.97 -6087.45 718.42
44750 157.356 -6241.67 -6084.31 731.588
44800 155.918 -6240.55 -6084.63 724.902
44850 157.469 -6242.73 -6085.26 732.113
44900 154.199 -6241.7 -6087.5 716.908
44950 153.797 -6241.37 -6087.58 715.037
45000 155.033 -6244.24 -6089.21 720.784
45050 156.259 -6243.97 -6087.71 726.484
45100 154.502 -6243.54 -6089.04 718.319
45150 152.824 -6244.81 -6091.99 710.515
45200 151.424 -6243.11 -6091.69 704.005
45250 153.945 -6245.37 -6091.42 715.728
45300 153.274 -6242.65 -6089.38 712.606
45350 151.771 -6244.93 -6093.15 705.622
45400 151.824 -6243.73 -6091.9 705.865
45450 153.368 -6244.66 -6091.29 713.043
45500 155.408 -6243.46 -6088.05 722.53
45550 156.852 -6244.59 -6087.74 729.241
45600 154.522 -6243.8 -6089.28 718.41
45650 154.314 -6243.97 -6089.66 717.442
45700 151.902 -6243.26 -6091.36 706.229
45750 154.697 -6242.79 -6088.09 719.222
45800 155.682 -6243.73 -6088.05 723.803
45850 154.917 -6242.1 -6087.19 720.247
45900 153.273 -6239.97 -6086.7 712.603
45950 156.275 -6242.09 -6085.82 726.559
46000 154.736 -6239.3 -6084.57 719.406
46050 157.206 -6241.28 -6084.07 730.887
46100 154.981 -6239.4 -6084.42 720.545
46150 157.065 -6242.59 -6085.53 730.233
46200 158.096 -6241.51 -6083.42 735.027
46250 157.732 -6239.06 -6081.33 733.332
46300 156.128 -6241.03 -6084.9 725.875
46350 156.287 -6240.78 -6084.49 726.616
46400 156.178 -6240.55 -6084.37 726.109
46450 160.378 -6240.57 -6080.2 745.635
46500 157.837 -6236.44 -6078.6 733.82
46550 154.989 -6236 -6081.01 720.583
46600 156.987 -6236.76 -6079.78 729.87
46650 158.771 -6236.71 -6077.94 738.166
46700 159.295 -6238.55 -6079.26 740.6
46750 157.324 -6237.4 -6080.07 731.438
46800 156.199 -6239.96 -6083.76 726.205
46850 155.802 -6240.01 -6084.2 724.362
46900 157.377 -6241.06 -6083.69 731.684
46950 157.384 -6240.87 -6083.49 731.714
47000 155.706 -6241.32 -6085.61 723.916
47050 154.952 -6239.24 -6084.29 720.409
47100 155.962 -6243.46 -6087.49 725.106
47150 155.666 -6241.67 -6086 723.727
47200 155.899 -6242.24 -6086.34 724.811
47250 154.163 -6240.46 -6086.3 716.74
47300 154.083 -6243.38 -6089.3 716.37
47350 152.549 -6238.67 -6086.12 709.238
47400 153.986 -6243.77 -6089.79 715.916
47450 153.852 -6243.93 -6090.08 715.296
47500 153.9 -6240.61 -6086.71 715.519
47550 154.586 -6244.42 -6089.83 718.707
47600 155.733 -6241.52 -6085.79 724.039
47650 155.988 -6243.9 -6087.92 725.224
47700 154.795 -6241.88 -6087.08 719.681
47750 152.705 -6241.94 -6089.23 709.962
47800 154.956 -6243.62 -6088.66 720.429
47850 154.026 -6241.18 -6087.15 716.104
47900 154.182 -6242.04 -6087.86 716.829
47950 154.188 -6240.28 -6086.09 716.858
48000 156.131 -6240.79 -6084.66 725.892
48050 155.602 -6238.67 -6083.07 723.431
48100 156.868 -6237.76 -6080.9 729.317
48150 156.889 -6241.7 -6084.81 729.415
48200 156.755 -6238.61 -6081.85 728.791
48250 158.909 -6243.28 -6084.37 738.805
48300 156.182 -6238.35 -6082.17 726.128
48350 155.284 -6239.21 -6083.93 721.954
48400 157.274 -6241.77 -6084.5 731.203
48450 154.853 -6240.23 -6085.38 719.949
48500 157.548 -6243.45 -6085.9 732.479
48550 153.921 -6241.46 -6087.54 715.614
48600 154.56 -6241.8 -6087.24 718.586
48650 153.563 -6242.79 -6089.22 713.952
48700 154.231 -6240.68 -6086.45 717.058
48750 154.325 -6243.46 -6089.14 717.493
48800 153.971 -6240.07 -6086.1 715.847
48850 156.278 -6244.7 -6088.42 726.574
48900 154.562 -6243.88 -6089.32 718.596
48950 153.116 -6241.14 -6088.02 711.874
49000 154.3 -6242.97 -6088.67 717.376
49050 152.965 -6240.98 -6088.01 711.173
49100 154.224 -6242.5 -6088.27 717.026
49150 153.935 -6242.19 -6088.26 715.68
49200 154.407 -6242.05 -6087.65 717.877
49250 153.867 -6242.34 -6088.48 715.365
49300 152.785 -6242.04 -6089.26 710.332
49350 153.568 -6243.12 -6089.55 713.973
49400 153.364 -6244.63 -6091.27 713.025
49450 152.964 -6243.08 -6090.12 711.168
49500 153.173 -6242.83 -6089.66 712.138
49550 153.008 -6244.45 -6091.44 711.372
49600 154.445 -6244.63 -6090.18 718.051
49650 151.305 -6244.62 -6093.32 703.453
49700 151.883 -6243.88 -6092 706.141
49750 152.808 -6246.37 -6093.56 710.439
49800 152.319 -6247.14 -6094.83 708.166
49850 151.033 -6244.31 -6093.28 702.187
49900 150.631 -6243.77 -6093.14 700.321
49950 153.164 -6244.98 -6091.82 712.098
50000 153.621 -6243.58 -6089.96 714.223
