# Fix print output for fix def1
1.04940374312463e-15 0.0105823371975405 0.00939331007929557 0.0176593452082375
0.0010000000000009 0.0745884068433624 0.00105671186007473 -0.0199855627769229
0.00200000000000092 0.137537714022144 0.0105734628587181 -0.0065620723791229
0.00300000000000095 0.178004183023963 0.0136782095402457 0.00678626231688372
0.00400000000000097 0.262228774185451 -0.00218949486948447 -0.00990671015952266
0.00500000000000099 0.31653025720175 0.026723469974716 -0.0169494753456327
0.00600000000000102 0.374580008023855 0.00595855999512412 -0.0141255806447284
0.00700000000000104 0.45140072857122 0.0232455337522354 0.0268055958697751
0.00800000000000089 0.495710731092268 -0.0269101322965306 -0.0161440058764578
0.00900000000000092 0.59056648812984 -0.0163338466475514 0.00488158717948228
0.0100000000000009 0.611437420715888 -0.00491198845585138 0.0117631206361531
0.011000000000001 0.710225170752216 -0.0421264779907413 0.0215164742322849
0.012000000000001 0.789096961874673 0.0219426622417458 0.0200451536135145
0.013000000000001 0.812678911844677 -0.00591105391876223 -0.0194825280907121
0.014000000000001 0.923828303966672 0.0170991840830658 0.0103453508521753
0.0150000000000011 0.952244675886432 -0.0188812900106706 -0.00946891869622617
0.0160000000000009 1.02873379321086 -0.00164316213485059 0.0227025943472171
0.0170000000000009 1.11288540440588 0.0204178879416842 0.00513406016216171
0.018000000000001 1.15174263322351 0.0284191105916836 -0.0121460625362063
0.019000000000001 1.22982415972797 -0.0212988565288992 0.0233752154549859
0.020000000000001 1.31903099618105 -0.000386717717117298 0.0290055403901597
0.021000000000001 1.33281110781509 -0.0245408143735516 0.00897368137426808
0.0220000000000011 1.42520577619482 0.0224241310149531 -0.0147412040638497
0.0230000000000011 1.48587825771244 0.0332126220076257 -0.0075217100696877
0.0240000000000009 1.54125952243538 -0.0452832540027197 0.0317144228459518
0.0250000000000009 1.61788471071915 -0.00133227415084987 0.0332931882436588
0.026000000000001 1.67764350654049 0.0161332165958219 -0.0205640528928871
0.027000000000001 1.71693317753441 0.0226982224640734 -0.0132545614254694
0.028000000000001 1.77615954811586 -0.00902901813073262 -0.0192245982821892
0.029000000000001 1.84110684245829 0.0205892238457861 -0.000915200661194488
0.0300000000000011 1.91716924369528 -0.0186501728228852 -0.0222922028583956
0.0310000000000009 1.98443937783533 0.00603511272437057 0.0190267786346507
0.0320000000000009 2.02985077991861 0.00680407610065347 0.0118032818875189
0.033000000000001 2.08667663489574 -0.0216769063859933 -0.0144587925663125
0.034000000000001 2.1637456798239 -0.00670531566826269 0.0108886465859434
0.035000000000001 2.19888430710919 -7.6043666315569e-05 0.0195612516021715
0.036000000000001 2.27983330053599 0.0339051780042789 0.0209972272696568
0.0370000000000011 2.3091531576857 -0.0166585573241385 -0.0124397386131676
0.0380000000000011 2.41249644186498 0.0033263589066153 0.0539665106298575
0.0390000000000009 2.44197347822309 -0.0642876022889949 0.0166464970531361
0.040000000000001 2.53176774724511 0.00888529957944887 0.00408442485541122
0.041000000000001 2.62762402309144 0.066470933800785 -0.0360245408024591
0.042000000000001 2.62921832661985 0.0111702594409396 -0.0265429736380514
0.043000000000001 2.69248781927871 -0.0305590588361462 0.0379618713063898
0.0440000000000011 2.75117717943279 -0.0309883255729619 0.032787544710977
0.0450000000000011 2.79051649099666 0.00542858285861177 -0.0271899703327267
0.0460000000000009 2.88947578260998 0.0670844534434139 -0.00669288454931877
0.047000000000001 2.90835171964086 0.00266343515006423 -0.000538075287439368
0.048000000000001 2.99574894780694 -0.0112685016662912 0.0400623702023696
0.049000000000001 3.02850925650981 -0.0375135321666755 -0.00291010542852012
0.050000000000001 3.09540973641752 0.0319457653613432 0.00689301989625542
0.051000000000001 3.1492968252068 -0.00263910837772284 -0.0390699807853563
0.0520000000000011 3.2100908757588 -0.0168804831764901 -0.0118048811118188
0.0530000000000011 3.274363729831 -0.00841385882064151 0.0791756696070015
0.0540000000000011 3.31038237241025 -0.0538189263761212 -0.00254343039180795
0.055000000000001 3.40001566567237 0.028081858075101 -0.00207053733082322
0.056000000000001 3.46331913225345 0.00852215567663463 -0.0122608414834946
0.057000000000001 3.49461478954742 0.0201670449352411 0.0180285638448247
0.058000000000001 3.5755964917504 -0.0318006291318359 0.0481286887719226
0.0590000000000011 3.60466394576286 -0.0199987701259177 0.0264411025537798
0.0600000000000011 3.6918847917851 0.0362915518381695 -0.0154008978103088
0.0610000000000009 3.73969726726483 0.008524432176241 -0.0583913915580989
0.062000000000001 3.82609033812605 0.0138934675211711 0.013816227222138
0.063000000000001 3.8457850020367 -0.0710990128362133 -0.0141610856755519
0.064000000000001 3.95130305755907 0.0413961575246993 0.0524369901134487
0.065000000000001 3.91779037793482 -0.0440134203856551 -0.0354367567905647
0.0660000000000011 4.0648984531878 0.0616606638965881 0.028944756621706
0.0670000000000011 4.04136335001152 -0.0304993395906999 -0.0218946156415475
0.0680000000000011 4.13458190366617 -0.0295130886811556 0.0389936715230534
0.0690000000000009 4.22567594869845 0.0279379385168919 0.026918924061469
0.070000000000001 4.24265057740122 0.00303836235101149 -0.0270580337254241
0.071000000000001 4.32167019872188 0.0315652762591571 0.0249811092919213
0.072000000000001 4.34215142073885 -0.032282730104917 -0.0299062415045904
0.0730000000000011 4.42215138053291 0.0182870680515744 0.0413505795028472
0.0740000000000011 4.45676587086055 -0.0116348594087831 -0.0290751554533022
0.0750000000000011 4.52139883169797 0.00752084970662522 -0.0176501399766503
0.0760000000000011 4.61521766186616 0.0860861389169359 0.0124590846243465
0.077000000000001 4.63002609068936 0.0103204855370411 -0.0167688021178413
0.078000000000001 4.67281145027514 0.0224965919014948 0.0396881157028177
0.079000000000001 4.75218051022709 -0.0340887825132968 -0.00156436695728498
0.080000000000001 4.82668876262829 0.0347500443001822 0.0149549912611549
0.0810000000000011 4.87142551645829 0.00615196189557418 -0.0239931775883106
0.0820000000000011 4.96740634206895 0.0493103042429963 0.0111143994852113
0.0830000000000011 4.98321335046015 0.0220259815399397 -0.0303854097782688
0.0840000000000011 5.01610711110533 -0.00254367879850982 0.0314096064740184
0.085000000000001 5.09458189027308 -0.0341808277372351 0.0226518956717304
0.086000000000001 5.17059136231213 0.0221664159403044 -0.00524136287167748
0.087000000000001 5.21102106960994 0.0520913181873026 -0.0265876881965775
0.0880000000000011 5.24862409548555 -0.00166027767823166 -0.0202814510560826
0.0890000000000011 5.33436086479914 0.000482747705164169 0.0503085122726495
0.0900000000000011 5.3579417329546 -0.0422899820191534 0.0118861580890043
0.0910000000000011 5.44937285436144 0.0585685394249659 -0.0135631816040174
0.092000000000001 5.50022605244082 0.0195869289264186 -0.048698567875377
0.093000000000001 5.53906963596505 0.0177424461779586 -0.00774223381290283
0.094000000000001 5.56749792612625 -0.0334021757698823 -0.0148087238830368
0.0950000000000011 5.65547865206977 0.0262572612305416 0.0544165312402329
0.0960000000000011 5.6968119538297 0.0267932995207871 -0.0100010167395925
0.0970000000000011 5.78705797750137 0.00802094254304361 -0.0317711573574398
0.0980000000000011 5.79527749915965 0.00332161741673468 0.0324451423971631
0.0990000000000011 5.85704863604827 -0.0233205896044332 0.00153273085698657
0.100000000000001 5.91579346877773 0.034336311226411 0.055408257221286
0.101000000000001 5.91372276008738 -0.0248398725160943 -0.055410138890753
0.102000000000001 6.02944409656749 0.0378780291148246 0.0294930731917702
0.103000000000001 6.03099239589236 -0.0392432658126493 0.0339497912343937
0.104000000000001 6.08880217309319 -0.0801109768672171 -0.0116872722407538
0.105000000000001 6.14064074716852 0.00690689806009983 0.0181222055593862
0.106000000000001 6.22929683169879 -0.0223754714896719 -0.04392999018108
0.107000000000001 6.28502433868238 0.0176097759091017 0.0263103163565347
0.108000000000001 6.32039396697777 -0.0247325768560392 -0.0052502851614541
0.109000000000001 6.36766084129715 0.00534434807615006 -0.0178845871955093
0.110000000000001 6.40622949406719 0.00335583705478575 -0.0336018525087713
0.111000000000001 6.47763103504742 -0.0132538087365847 0.0180567900994952
0.112000000000001 6.53192168870437 0.0282635069687789 0.00591602784956825
0.113000000000001 6.59115272323855 0.0224820634385613 -0.00619560448607053
0.114000000000001 6.58524123089723 -0.0406591824152795 -0.0320875548359231
0.115000000000001 6.74406160827653 0.0700632933689379 0.0510577657004733
0.116000000000001 6.6924742539526 -0.0673379234236037 -0.0221763978989854
0.117000000000001 6.83218274196644 0.04111639462547 0.0805153900931795
0.118000000000001 6.75909758287156 -0.0329396770776949 -0.0665800173112726
0.119000000000001 6.91897195098368 0.0813195016254862 0.00153472275710893
0.120000000000001 6.91238413243721 0.00217920796453582 -0.0297061296188969
0.121000000000001 6.94687434128462 0.0077213383778557 -0.0232319365227317
0.122000000000001 6.99292319297917 -0.0208044970652828 0.0522629066054334
0.123000000000001 7.05605498218212 -0.0241567603497931 0.0145357770142942
0.124000000000001 7.07628946688739 0.0173296293389345 0.0426809678034614
0.125000000000001 7.14305022520255 -0.0129858369002604 -0.0367212726544423
0.126000000000001 7.17764114101216 0.030393760781166 -0.0287721534635081
0.127000000000001 7.25093927806156 0.032996607940963 0.0170534457233177
0.128000000000001 7.31059093437985 -0.0423669439092606 0.00527767402843941
0.129000000000001 7.39111875846032 -0.0220797237760476 0.0507943661990211
0.130000000000001 7.39183625946948 -0.00545018719836894 0.00931318181180358
0.131000000000001 7.44480408456748 -0.0257364170348248 -0.000337774361274823
0.132000000000001 7.46391368771467 -0.0409959560132505 0.0254570187727002
0.133000000000001 7.46282503294706 0.0232634688101729 -0.0208239809742671
0.134000000000001 7.48393376002857 -0.0456377085486214 -0.058129666240427
0.135000000000001 7.5855028840748 0.0343327626276787 0.0431341060073011
0.136000000000001 7.57699970976053 -0.0214390166945934 -0.0183780829755291
0.137000000000001 7.66316138675135 0.0423183359219166 0.0389239405026469
0.138000000000001 7.70601706181594 -0.022907400471932 0.00719392872538176
0.139000000000001 7.68905720982423 -0.0176070404671291 -0.0365064512703321
0.140000000000001 7.79884687097206 -0.0104010089458176 0.0410698835202227
0.141000000000001 7.76822241170545 -0.0298414544045252 -0.0195069130513819
0.142000000000001 7.9013484709751 0.0838886562595563 0.000765718101445797
0.143000000000001 7.84303794183999 -0.0266361323007493 -0.0595361941912618
0.144000000000001 7.86895485512424 0.00762434772459529 -0.0465047077582806
0.145000000000001 7.94102403956853 0.0161619932803997 0.051409053658081
0.146000000000001 7.89669260128002 -0.0523104132900466 -0.0181050940309006
0.147000000000001 7.94493719268042 0.0570640004778857 0.102634262494549
0.148000000000001 7.91766145870908 -0.0238624719888278 -0.112520580324563
0.149000000000001 7.95232760518612 0.0617777112038423 0.0467560618730342
0.150000000000001 7.94876246740913 -0.00730508930152542 -0.0575960899861869
0.151000000000001 7.86320571334205 -0.00426936622072063 0.019470935492775
0.152000000000001 7.67572436226458 -0.0475563277168034 0.0491032494768953
0.153000000000001 7.32021273862778 -0.00592236395897946 0.00671845046985414
0.154000000000001 6.94274509663069 0.0111373695653129 0.0434630062771251
0.155000000000001 6.27856477365975 -0.0603288838733803 -0.0171412637686424
0.156000000000001 5.77950880953821 -0.028606065788923 0.0579847888198198
0.157000000000001 5.18601600475063 -0.0358535753962283 -0.010567876964337
0.158000000000001 4.62359924249505 0.0317612528526362 -0.0202636393172593
0.159000000000001 4.36300184201263 0.0219290991301588 -0.0272119106500522
0.160000000000001 4.15271284978033 0.00440856312747389 0.0520508808949774
0.161000000000001 4.01559557381385 -0.0566980677324948 -0.0504705665627218
0.162000000000001 4.08135890362064 0.0515803135985698 0.0948924410145157
0.163000000000001 4.08955917856419 -0.0173739568743132 -0.102802656061504
0.164000000000001 4.11838344660943 0.000221932443644521 0.0931968420006103
0.165000000000001 4.01792242885844 0.0300156290845673 0.0137673238088107
0.166000000000001 3.86711008536625 0.027709371409123 -0.0656226168183001
0.167000000000001 3.8181853706945 0.0627765445916797 0.030089765630628
0.168000000000001 3.58194812896904 -0.0395418602867207 -0.0714135437874186
0.169000000000001 3.560784946477 0.00537167904183583 0.0926023809558321
0.170000000000001 3.47333711970924 -0.00808337467097859 0.00854893607654503
0.171000000000001 3.23470649568241 0.00673580670974699 -0.0228358703190891
0.172000000000001 3.16723207896381 0.0741485812042747 0.0753617523893771
0.173000000000001 2.84373973921191 -0.000993936280394462 -0.167425851654771
0.174000000000001 2.76731564093047 0.0345693996513776 0.129927846067681
0.175000000000001 2.49108953619433 -0.0691175407958498 0.00429252043289334
0.176000000000001 2.46160840343212 -0.0568695105074962 0.0393940309683246
0.177000000000001 2.39436376090167 0.123229967135707 0.0624066970554238
0.178000000000001 2.12513601779442 -0.115055500712525 -0.0644304054276243
0.179000000000001 2.20399933278871 0.0692484828434557 0.115482717941363
0.180000000000001 2.00496185780432 -0.0434035526965016 -0.116347289567701
0.181000000000001 2.06320711305899 0.150300348050552 0.0201921814865933
0.182000000000001 1.89565212538267 -0.0270291491295545 0.0721158416597474
0.183000000000001 1.81303354180901 -0.0379754369306468 0.00583547948072537
0.184000000000001 1.77167855068788 -0.0278104481805013 0.0681031705389025
0.185000000000001 1.77773592248284 -0.0322553917350055 0.0124898561973066
0.186000000000001 1.688894577301 -0.0365250180045838 0.0631937312447601
0.187000000000001 1.6370597540337 -0.0082712220554859 -0.0898365733037899
0.188000000000001 1.58049163044885 0.058726209766827 0.0558325965338547
0.189000000000001 1.57486813092127 -0.00970741851734862 -0.0535459294867706
0.190000000000001 1.70057865754723 0.0159065567163375 0.0675594619207484
0.191000000000001 1.5308173338477 0.0241571660246515 -0.0675949952402016
0.192000000000001 1.50045491396688 -0.0827913283970707 -0.0166805138602378
0.193000000000001 1.60504979598865 0.10775388979404 0.0794698012385962
0.194000000000001 1.4065993996614 -0.127648417035237 -0.170569567982264
0.195000000000001 1.5484677236715 0.179488661747271 0.112469533183985
0.196000000000001 1.41830141899744 -0.139743535520086 -0.0959133133275228
0.197000000000001 1.49148633656568 0.073776989048978 0.0786520597307871
0.198000000000001 1.31597384640973 -0.0360206530485888 -0.00732808831716363
0.199000000000001 1.36234557668881 -0.0151147669639193 0.0277168128389644
0.200000000000001 1.41408128552084 0.0852614787586803 0.0499720252589292
